"row"	"col"	"yield"
1	1	609.5
2	1	549
3	1	607.5
4	1	628.5
5	1	647.5
6	1	592.5
7	1	766
8	1	680
9	1	645
10	1	655.5
11	1	923
12	1	667
13	1	593.5
14	1	581
15	1	738
16	1	722.5
17	1	650
18	1	680
19	1	644.5
20	1	677
21	1	749.5
22	1	622.5
23	1	666
24	1	583
25	1	571
26	1	574.5
27	1	433
28	1	405.5
29	1	619.5
30	1	629
1	2	549
2	2	496
3	2	568
4	2	494.5
5	2	557.5
6	2	669
7	2	652
8	2	651.5
9	2	670
10	2	649.5
11	2	692
12	2	688.5
13	2	592
14	2	765.5
15	2	633
16	2	645
17	2	664.5
18	2	684.5
19	2	571.5
20	2	603
21	2	695
22	2	662
23	2	670
24	2	666.5
25	2	604.5
26	2	622.5
27	2	568
28	2	576
29	2	500.5
30	2	538.5
1	3	525
2	3	546
3	3	559.5
4	3	491.5
5	3	509.5
6	3	508
7	3	633.5
8	3	780.5
9	3	523.5
10	3	500.5
11	3	628.5
12	3	581.5
13	3	667.5
14	3	749
15	3	682.5
16	3	651
17	3	665
18	3	606.5
19	3	454.5
20	3	615
21	3	620
22	3	541
23	3	651.5
24	3	538.5
25	3	625.5
26	3	564
27	3	575
28	3	630
29	3	562.5
30	3	460.5
1	4	612.5
2	4	437.5
3	4	587.5
4	4	589
5	4	563
6	4	521.5
7	4	770.5
8	4	492
9	4	704
10	4	565
11	4	611
12	4	631.5
13	4	644.5
14	4	654.5
15	4	620
16	4	597
17	4	669.5
18	4	643
19	4	613.5
20	4	628
21	4	648.5
22	4	635
23	4	550.5
24	4	593.5
25	4	611
26	4	704
27	4	799
28	4	531.5
29	4	642.5
30	4	538.5
1	5	710.5
2	5	619.5
3	5	632
4	5	595
5	5	574
6	5	716.5
7	5	687
8	5	584.5
9	5	657.5
10	5	646.5
11	5	671
12	5	681.5
13	5	565.5
14	5	553
15	5	623.5
16	5	664.5
17	5	672.5
18	5	464
19	5	629.5
20	5	529.5
21	5	611.5
22	5	641
23	5	611
24	5	685.5
25	5	515.5
26	5	540
27	5	745
28	5	673.5
29	5	597
30	5	574.5
1	6	584.5
2	6	662
3	6	582
4	6	597.5
5	6	532.5
6	6	545.5
7	6	496
8	6	558.5
9	6	660.5
10	6	696.5
11	6	567.5
12	6	628
13	6	547
14	6	631.5
15	6	658.5
16	6	622
17	6	603
18	6	635.5
19	6	686.5
20	6	611.5
21	6	634
22	6	629.5
23	6	603.5
24	6	632
25	6	542
26	6	526
27	6	550
28	6	514
29	6	652
30	6	456.5
1	7	665.5
2	7	611
3	7	553.5
4	7	576.5
5	7	524
6	7	636
7	7	583
8	7	527
9	7	699.5
10	7	647.5
11	7	747
12	7	665.5
13	7	632.5
14	7	625.5
15	7	543
16	7	644.5
17	7	564
18	7	550
19	7	587
20	7	636.5
21	7	578.5
22	7	521.5
23	7	400.5
24	7	504.5
25	7	486.5
26	7	574.5
27	7	619.5
28	7	460.5
29	7	515.5
30	7	590.5
1	8	608.5
2	8	550.5
3	8	616
4	8	637
5	8	653.5
6	8	575.5
7	8	543.5
8	8	569.5
9	8	596.5
10	8	648
11	8	520
12	8	581.5
13	8	589.5
14	8	616
15	8	594
16	8	616.5
17	8	671.5
18	8	653.5
19	8	632.5
20	8	583
21	8	554
22	8	610
23	8	540
24	8	543.5
25	8	570
26	8	669.5
27	8	749
28	8	574
29	8	518
30	8	584.5
1	9	640
2	9	645
3	9	636.5
4	9	734.5
5	9	557
6	9	631
7	9	550
8	9	569.5
9	9	515.5
10	9	521
11	9	536
12	9	596
13	9	501.5
14	9	540
15	9	551.5
16	9	544
17	9	530.5
18	9	516
19	9	571.5
20	9	674
21	9	544.5
22	9	502.5
23	9	477.5
24	9	539
25	9	574
26	9	676.5
27	9	516.5
28	9	731.5
29	9	550
30	9	527.5
1	10	555.5
2	10	654.5
3	10	412.5
4	10	525
5	10	559
6	10	567.5
7	10	577.5
8	10	649
9	10	531
10	10	566.5
11	10	652.5
12	10	587
13	10	547.5
14	10	640.5
15	10	632
16	10	594.5
17	10	608
18	10	573
19	10	561.5
20	10	633
21	10	579.5
22	10	582.5
23	10	617.5
24	10	618
25	10	701.5
26	10	557.5
27	10	626
28	10	516.5
29	10	546.5
30	10	500.5
1	11	419
2	11	493.5
3	11	526
4	11	524
5	11	469
6	11	426.5
7	11	482.5
8	11	601.5
9	11	595
10	11	506
11	11	485.5
12	11	558
13	11	571
14	11	610
15	11	585.5
16	11	515.5
17	11	535.5
18	11	539.5
19	11	641
20	11	723.5
21	11	591.5
22	11	574
23	11	633.5
24	11	649
25	11	674
26	11	593
27	11	565
28	11	762
29	11	637
30	11	666
1	12	462
2	12	421
3	12	515.5
4	12	498
5	12	522.5
6	12	476.5
7	12	453.5
8	12	521
9	12	586.5
10	12	581.5
11	12	542.5
12	12	650
13	12	632.5
14	12	627
15	12	591.5
16	12	655
17	12	648.5
18	12	701.5
19	12	677
20	12	588
21	12	629.5
22	12	692
23	12	642.5
24	12	551
25	12	518
26	12	652.5
27	12	596
28	12	563.5
29	12	415
30	12	521.5
1	13	536.5
2	13	522
3	13	452.5
4	13	574.5
5	13	673.5
6	13	669.5
7	13	625.5
8	13	529.5
9	13	518
10	13	562.5
11	13	625
12	13	643.5
13	13	592
14	13	665
15	13	669.5
16	13	756
17	13	649
18	13	654.5
19	13	569
20	13	553
21	13	664.5
22	13	627.5
23	13	564
24	13	644.5
25	13	464
26	13	656.5
27	13	471
28	13	533
29	13	542.5
30	13	503.5
1	14	438
2	14	462.5
3	14	579.5
4	14	529.5
5	14	518
6	14	509.5
7	14	556
8	14	685
9	14	674.5
10	14	736
11	14	658.5
12	14	628
13	14	747
14	14	623.5
15	14	646
16	14	662
17	14	591
18	14	667
19	14	693.5
20	14	706
21	14	571
22	14	647
23	14	664
24	14	581
25	14	567
26	14	593.5
27	14	551.5
28	14	644.5
29	14	524.5
30	14	597.5
1	15	507.5
2	15	524
3	15	553.5
4	15	661
5	15	596
6	15	461.5
7	15	526
8	15	540.5
9	15	505.5
10	15	552.5
11	15	541
12	15	538.5
13	15	640.5
14	15	630
15	15	706
16	15	672
17	15	650
18	15	628.5
19	15	802
20	15	569.5
21	15	572
22	15	699
23	15	580
24	15	785
25	15	680
26	15	599
27	15	539.5
28	15	629
29	15	631.5
30	15	549.5
1	16	672.5
2	16	662.5
3	16	791.5
4	16	582
5	16	687
6	16	561.5
7	16	641.5
8	16	645
9	16	533
10	16	556.5
11	16	636
12	16	642
13	16	638.5
14	16	571
15	16	567.5
16	16	564
17	16	606.5
18	16	613.5
19	16	545
20	16	568.5
21	16	747
22	16	686
23	16	701
24	16	653.5
25	16	569
26	16	525.5
27	16	512
28	16	600
29	16	523.5
30	16	469.5
1	17	534.5
2	17	503.5
3	17	581.5
4	17	666.5
5	17	577.5
6	17	612
7	17	682.5
8	17	739.5
9	17	679
10	17	582.5
11	17	519
12	17	412.5
13	17	546.5
14	17	644.5
15	17	560.5
16	17	505.5
17	17	616.5
18	17	706.5
19	17	659.5
20	17	666
21	17	646.5
22	17	573
23	17	534.5
24	17	631.5
25	17	590
26	17	598.5
27	17	472.5
28	17	665.5
29	17	509.5
30	17	585
1	18	531.5
2	18	445
3	18	527
4	18	625
5	18	541
6	18	559.5
7	18	642.5
8	18	600
9	18	533.5
10	18	632
11	18	621.5
12	18	646.5
13	18	679
14	18	581.5
15	18	636
16	18	661
17	18	709
18	18	519.5
19	18	449.5
20	18	573
21	18	561
22	18	648
23	18	634
24	18	682
25	18	728
26	18	668
27	18	549.5
28	18	515.5
29	18	553
30	18	657.5
1	19	507.5
2	19	525.5
3	19	517
4	19	555.5
5	19	472
6	19	499
7	19	548
8	19	581
9	19	544
10	19	666.5
11	19	579
12	19	627
13	19	639
14	19	733.5
15	19	611
16	19	687.5
17	19	585
18	19	628
19	19	552.5
20	19	595
21	19	500.5
22	19	543.5
23	19	504.5
24	19	625
25	19	536.5
26	19	470
27	19	633
28	19	514
29	19	563.5
30	19	451.5
1	20	512
2	20	463
3	20	643.5
4	20	656
5	20	692
6	20	644
7	20	554.5
8	20	901
9	20	581.5
10	20	563.5
11	20	553.5
12	20	626
13	20	563
14	20	540
15	20	420.5
16	20	553.5
17	20	538.5
18	20	572
19	20	650
20	20	673
21	20	664.5
22	20	737
23	20	574
24	20	598
25	20	560
26	20	600
27	20	589
28	20	518
29	20	584.5
30	20	576.5
1	21	554.5
2	21	474
3	21	673.5
4	21	652
5	21	649.5
6	21	541
7	21	511
8	21	560
9	21	674
10	21	569
11	21	626.5
12	21	681.5
13	21	595
14	21	561.5
15	21	454
16	21	537.5
17	21	675
18	21	611.5
19	21	599.5
20	21	629.5
21	21	631.5
22	21	688
23	21	742.5
24	21	661
25	21	441.5
26	21	529.5
27	21	558
28	21	554
29	21	638.5
30	21	511.5
1	22	469.5
2	22	627
3	22	575.5
4	22	634.5
5	22	664
6	22	598
7	22	571
8	22	586
9	22	741
10	22	654.5
11	22	547.5
12	22	591.5
13	22	540
14	22	560
15	22	625.5
16	22	631
17	22	640
18	22	646.5
19	22	668.5
20	22	524.5
21	22	649.5
22	22	770
23	22	593.5
24	22	633.5
25	22	577
26	22	554
27	22	628
28	22	578.5
29	22	528.5
30	22	417
1	23	651
2	23	763
3	23	565
4	23	589.5
5	23	567.5
6	23	546
7	23	564
8	23	645.5
9	23	657.5
10	23	703.5
11	23	640
12	23	575
13	23	451.5
14	23	560
15	23	567
16	23	648.5
17	23	632.5
18	23	638
19	23	779
20	23	650
21	23	683.5
22	23	578
23	23	629
24	23	637
25	23	588
26	23	533.5
27	23	644
28	23	661.5
29	23	572
30	23	542.5
1	24	457
2	24	641
3	24	541.5
4	24	653
5	24	557
6	24	639.5
7	24	721.5
8	24	549.5
9	24	649.5
10	24	599
11	24	641
12	24	634
13	24	609.5
14	24	655.5
15	24	488
16	24	696.5
17	24	705
18	24	674.5
19	24	597
20	24	634.5
21	24	643
22	24	653
23	24	660
24	24	587
25	24	592.5
26	24	689
27	24	766
28	24	631.5
29	24	548
30	24	575
1	25	627
2	25	421
3	25	507
4	25	560.5
5	25	589.5
6	25	702
7	25	630.5
8	25	671.5
9	25	666.5
10	25	710
11	25	676
12	25	501.5
13	25	470.5
14	25	557
15	25	550
16	25	500.5
17	25	517.5
18	25	569.5
19	25	530.5
20	25	577.5
21	25	744.5
22	25	692
23	25	675
24	25	647
25	25	575.5
26	25	522
27	25	525
28	25	471.5
29	25	554.5
30	25	505.5
1	26	575.5
2	26	520.5
3	26	544
4	26	472.5
5	26	522.5
6	26	592.5
7	26	633.5
8	26	577.5
9	26	599.5
10	26	616.5
11	26	636.5
12	26	543.5
13	26	558.5
14	26	678
15	26	521
16	26	667.5
17	26	738.5
18	26	671.5
19	26	642
20	26	664
21	26	655
22	26	597.5
23	26	458.5
24	26	534.5
25	26	514
26	26	650
27	26	529.5
28	26	524.5
29	26	559
30	26	597.5
1	27	537.5
2	27	635
3	27	564.5
4	27	566
5	27	654.5
6	27	777
7	27	695.5
8	27	571
9	27	550.5
10	27	633.5
11	27	657.5
12	27	570
13	27	537.5
14	27	588
15	27	451.5
16	27	528.5
17	27	575
18	27	694.5
19	27	641
20	27	656
21	27	630.5
22	27	651
23	27	576.5
24	27	699
25	27	657
26	27	650.5
27	27	548
28	27	413.5
29	27	555
30	27	457
1	28	603
2	28	669.5
3	28	468
4	28	545.5
5	28	562
6	28	685
7	28	674.5
8	28	724.5
9	28	630
10	28	577.5
11	28	561
12	28	582.5
13	28	540
14	28	568.5
15	28	531.5
16	28	665
17	28	511
18	28	726
19	28	645
20	28	548
21	28	622.5
22	28	488
23	28	680.5
24	28	633
25	28	696
26	28	564
27	28	568.5
28	28	512.5
29	28	505.5
30	28	559.5
1	29	557.5
2	29	422
3	29	523.5
4	29	549.5
5	29	509.5
6	29	602.5
7	29	578
8	29	652
9	29	619
10	29	732.5
11	29	594
12	29	528.5
13	29	507.5
14	29	524.5
15	29	531.5
16	29	624
17	29	608
18	29	584
19	29	545.5
20	29	463.5
21	29	572.5
22	29	682
23	29	571
24	29	660
25	29	470
26	29	716.5
27	29	650
28	29	905.5
29	29	567
30	29	671.5
1	30	527
2	30	475
3	30	548.5
4	30	583
5	30	634.5
6	30	521.5
7	30	643
8	30	749.5
9	30	503
10	30	659
11	30	514.5
12	30	533
13	30	585
14	30	691
15	30	639
16	30	676
17	30	631.5
18	30	572
19	30	684.5
20	30	672
21	30	633
22	30	614.5
23	30	582
24	30	690
25	30	630.5
26	30	542
27	30	750.5
28	30	573.5
29	30	559.5
30	30	534.5
1	31	690
2	31	637.5
3	31	683.5
4	31	568
5	31	625
6	31	766
7	31	586
8	31	654
9	31	576
10	31	632.5
11	31	566.5
12	31	571.5
13	31	519.5
14	31	454
15	31	526.5
16	31	403
17	31	548.5
18	31	592
19	31	511
20	31	605.5
21	31	534.5
22	31	634
23	31	629.5
24	31	634.5
25	31	468
26	31	528.5
27	31	592
28	31	635.5
29	31	509.5
30	31	629.5
1	32	542.5
2	32	566
3	32	632
4	32	570.5
5	32	555.5
6	32	658
7	32	466
8	32	577.5
9	32	585
10	32	632
11	32	648
12	32	696.5
13	32	670
14	32	712.5
15	32	647.5
16	32	560.5
17	32	643
18	32	666
19	32	640
20	32	652
21	32	524.5
22	32	642
23	32	670
24	32	631
25	32	674.5
26	32	563
27	32	582.5
28	32	678
29	32	756
30	32	655
1	33	545.5
2	33	425
3	33	464.5
4	33	525.5
5	33	578.5
6	33	574.5
7	33	622
8	33	631.5
9	33	666.5
10	33	710
11	33	638
12	33	698
13	33	596
14	33	641.5
15	33	677.5
16	33	671
17	33	719.5
18	33	654.5
19	33	630
20	33	592.5
21	33	599.5
22	33	503.5
23	33	548
24	33	663
25	33	789.5
26	33	574.5
27	33	634
28	33	593.5
29	33	532
30	33	460.5
