row	col	yield
33	1	130
32	1	120
31	1	200
30	1	155
29	1	250
28	1	300
27	1	225
26	1	150
25	1	300
24	1	250
23	1	200
22	1	150
21	1	110
20	1	190
19	1	200
18	1	210
17	1	140
16	1	105
15	1	120
14	1	130
13	1	150
12	1	195
11	1	100
10	1	100
9	1	105
8	1	100
7	1	100
6	1	135
5	1	245
4	1	200
3	1	225
2	1	200
1	1	250
33	2	200
32	2	150
31	2	150
30	2	205
29	2	225
28	2	200
27	2	250
26	2	325
25	2	150
24	2	185
23	2	100
22	2	200
21	2	150
20	2	200
19	2	150
18	2	150
17	2	100
16	2	100
15	2	150
14	2	120
13	2	100
12	2	105
11	2	110
10	2	150
9	2	100
8	2	100
7	2	150
6	2	185
5	2	255
4	2	170
3	2	225
2	2	200
1	2	150
33	3	250
32	3	220
31	3	230
30	3	225
29	3	260
28	3	200
27	3	250
26	3	250
25	3	250
24	3	150
23	3	155
22	3	100
21	3	175
20	3	125
19	3	140
18	3	120
17	3	120
16	3	100
15	3	50
14	3	75
13	3	125
12	3	150
11	3	130
10	3	80
9	3	150
8	3	150
7	3	175
6	3	180
5	3	100
4	3	150
3	3	180
2	3	185
1	3	185
33	4	250
32	4	230
31	4	300
30	4	295
29	4	300
28	4	240
27	4	225
26	4	225
25	4	290
24	4	175
23	4	170
22	4	230
21	4	135
20	4	165
19	4	130
18	4	100
17	4	115
16	4	200
15	4	150
14	4	120
13	4	200
12	4	150
11	4	155
10	4	200
9	4	150
8	4	270
7	4	230
6	4	280
5	4	250
4	4	50
3	4	250
2	4	200
1	4	150
33	5	130
32	5	270
31	5	235
30	5	265
29	5	200
28	5	200
27	5	200
26	5	210
25	5	200
24	5	135
23	5	175
22	5	150
21	5	160
20	5	135
19	5	100
18	5	110
17	5	135
16	5	150
15	5	100
14	5	150
13	5	175
12	5	185
11	5	265
10	5	150
9	5	175
8	5	100
7	5	150
6	5	250
5	5	300
4	5	350
3	5	115
2	5	215
1	5	170
33	6	300
32	6	275
31	6	280
30	6	320
29	6	290
28	6	210
27	6	275
26	6	225
25	6	100
24	6	170
23	6	200
22	6	200
21	6	180
20	6	150
19	6	185
18	6	150
17	6	160
16	6	200
15	6	200
14	6	200
13	6	275
12	6	200
11	6	150
10	6	175
9	6	200
8	6	150
7	6	150
6	6	115
5	6	260
4	6	240
3	6	235
2	6	240
1	6	155
33	7	260
32	7	300
31	7	200
30	7	250
29	7	250
28	7	250
27	7	250
26	7	200
25	7	225
24	7	200
23	7	200
22	7	250
21	7	250
20	7	200
19	7	220
18	7	150
17	7	250
16	7	200
15	7	200
14	7	150
13	7	160
12	7	190
11	7	200
10	7	175
9	7	175
8	7	175
7	7	150
6	7	180
5	7	185
4	7	240
3	7	225
2	7	200
1	7	220
33	8	285
32	8	340
31	8	170
30	8	130
29	8	185
28	8	220
27	8	200
26	8	250
25	8	225
24	8	225
23	8	210
22	8	215
21	8	220
20	8	190
19	8	150
18	8	225
17	8	200
16	8	185
15	8	225
14	8	225
13	8	200
12	8	160
11	8	140
10	8	125
9	8	150
8	8	250
7	8	270
6	8	175
5	8	150
4	8	200
3	8	200
2	8	200
1	8	250
33	9	225
32	9	215
31	9	250
30	9	200
29	9	200
28	9	255
27	9	175
26	9	225
25	9	125
24	9	150
23	9	110
22	9	140
21	9	150
20	9	170
19	9	150
18	9	160
17	9	140
16	9	110
15	9	140
14	9	100
13	9	100
12	9	55
11	9	90
10	9	75
9	9	150
8	9	175
7	9	190
6	9	75
5	9	150
4	9	220
3	9	250
2	9	190
1	9	220
33	10	255
32	10	195
31	10	250
30	10	200
29	10	155
28	10	150
27	10	150
26	10	150
25	10	225
24	10	200
23	10	300
22	10	200
21	10	200
20	10	200
19	10	150
18	10	150
17	10	150
16	10	125
15	10	200
14	10	150
13	10	100
12	10	150
11	10	150
10	10	100
9	10	175
8	10	175
7	10	200
6	10	200
5	10	250
4	10	210
3	10	270
2	10	250
1	10	250
33	11	240
32	11	150
31	11	150
30	11	150
29	11	220
28	11	220
27	11	250
26	11	150
25	11	200
24	11	200
23	11	250
22	11	225
21	11	250
20	11	220
19	11	275
18	11	175
17	11	150
16	11	125
15	11	125
14	11	75
13	11	100
12	11	100
11	11	100
10	11	200
9	11	200
8	11	250
7	11	225
6	11	175
5	11	175
4	11	215
3	11	235
2	11	250
1	11	250
33	12	225
32	12	250
31	12	150
30	12	210
29	12	165
28	12	135
27	12	170
26	12	205
25	12	250
24	12	165
23	12	190
22	12	160
21	12	225
20	12	300
19	12	200
18	12	125
17	12	225
16	12	150
15	12	125
14	12	200
13	12	200
12	12	225
11	12	150
10	12	240
9	12	150
8	12	150
7	12	200
6	12	185
5	12	200
4	12	250
3	12	200
2	12	250
1	12	250
33	13	250
32	13	260
31	13	200
30	13	220
29	13	250
28	13	175
27	13	170
26	13	190
25	13	225
24	13	175
23	13	135
22	13	115
21	13	230
20	13	200
19	13	190
18	13	150
17	13	145
16	13	100
15	13	200
14	13	200
13	13	150
12	13	100
11	13	110
10	13	90
9	13	150
8	13	125
7	13	150
6	13	150
5	13	210
4	13	225
3	13	185
2	13	175
1	13	100
33	14	200
32	14	250
31	14	250
30	14	180
29	14	255
28	14	255
27	14	260
26	14	265
25	14	200
24	14	225
23	14	205
22	14	220
21	14	225
20	14	225
19	14	205
18	14	150
17	14	125
16	14	200
15	14	150
14	14	175
13	14	75
12	14	150
11	14	100
10	14	135
9	14	150
8	14	150
7	14	200
6	14	150
5	14	125
4	14	200
3	14	150
2	14	120
1	14	250
33	15	150
32	15	230
31	15	270
30	15	280
29	15	270
28	15	230
27	15	200
26	15	350
25	15	225
24	15	240
23	15	225
22	15	220
21	15	175
20	15	200
19	15	200
18	15	220
17	15	165
16	15	150
15	15	150
14	15	75
13	15	100
12	15	100
11	15	125
10	15	130
9	15	100
8	15	100
7	15	190
6	15	200
5	15	150
4	15	250
3	15	165
2	15	150
1	15	275
