row	col	yield
50	1	82
49	1	74
48	1	66
47	1	75
46	1	84
45	1	48
44	1	70
43	1	54
42	1	72
41	1	28
40	1	61
39	1	68
38	1	33
37	1	36
36	1	76
35	1	49
34	1	92
33	1	34
32	1	45
31	1	53
30	1	91
29	1	73
28	1	76
27	1	148
26	1	59
25	1	86
24	1	28
23	1	51
22	1	54
21	1	162
20	1	118
19	1	103
18	1	111
17	1	135
16	1	115
15	1	127
14	1	180
13	1	118
12	1	123
11	1	184
10	1	100
9	1	202
8	1	190
7	1	108
6	1	205
5	1	136
4	1	136
3	1	195
2	1	158
1	1	142
50	2	77
49	2	105
48	2	69
47	2	55
46	2	71
45	2	81
44	2	81
43	2	105
42	2	82
41	2	49
40	2	31
39	2	60
38	2	80
37	2	91
36	2	109
35	2	99
34	2	123
33	2	98
32	2	57
31	2	90
30	2	80
29	2	117
28	2	83
27	2	131
26	2	66
25	2	64
24	2	76
23	2	73
22	2	82
21	2	135
20	2	147
19	2	106
18	2	69
17	2	124
16	2	100
15	2	135
14	2	104
13	2	135
12	2	159
11	2	123
10	2	168
9	2	166
8	2	168
7	2	163
6	2	201
5	2	137
4	2	205
3	2	181
2	2	227
1	2	192
50	3	39
49	3	78
48	3	74
47	3	84
46	3	82
45	3	51
44	3	79
43	3	82
42	3	57
41	3	48
40	3	50
39	3	100
38	3	67
37	3	107
36	3	93
35	3	81
34	3	75
33	3	89
32	3	68
31	3	128
30	3	101
29	3	83
28	3	81
27	3	86
26	3	85
25	3	78
24	3	90
23	3	79
22	3	135
21	3	155
20	3	135
19	3	62
18	3	106
17	3	135
16	3	119
15	3	116
14	3	135
13	3	135
12	3	154
11	3	239
10	3	116
9	3	132
8	3	194
7	3	225
6	3	108
5	3	182
4	3	190
3	3	260
2	3	139
1	3	140
50	4	114
49	4	124
48	4	79
47	4	98
46	4	109
45	4	87
44	4	109
43	4	128
42	4	86
41	4	71
40	4	65
39	4	79
38	4	69
37	4	90
36	4	89
35	4	131
34	4	45
33	4	73
32	4	37
31	4	99
30	4	117
29	4	97
28	4	84
27	4	87
26	4	71
25	4	134
24	4	144
23	4	164
22	4	141
21	4	114
20	4	120
19	4	102
18	4	158
17	4	142
16	4	164
15	4	143
14	4	148
13	4	154
12	4	181
11	4	169
10	4	225
9	4	241
8	4	239
7	4	192
6	4	188
5	4	153
4	4	177
3	4	208
2	4	114
1	4	208
50	5	85
49	5	81
48	5	211
47	5	132
46	5	99
45	5	69
44	5	150
43	5	101
42	5	111
41	5	84
40	5	95
39	5	98
38	5	118
37	5	80
36	5	107
35	5	109
34	5	77
33	5	123
32	5	71
31	5	72
30	5	79
29	5	93
28	5	119
27	5	98
26	5	90
25	5	174
24	5	135
23	5	161
22	5	135
21	5	163
20	5	50
19	5	135
18	5	90
17	5	140
16	5	135
15	5	135
14	5	161
13	5	141
12	5	180
11	5	159
10	5	150
9	5	210
8	5	185
7	5	225
6	5	211
5	5	229
4	5	252
3	5	212
2	5	251
1	5	210
50	6	60
49	6	110
48	6	89
47	6	108
46	6	127
45	6	90
44	6	90
43	6	81
42	6	75
41	6	89
40	6	75
39	6	115
38	6	64
37	6	95
36	6	49
35	6	74
34	6	61
33	6	69
32	6	83
31	6	73
30	6	135
29	6	126
28	6	67
27	6	89
26	6	58
25	6	135
24	6	111
23	6	115
22	6	90
21	6	180
20	6	95
19	6	123
18	6	104
17	6	140
16	6	169
15	6	150
14	6	135
13	6	180
12	6	150
11	6	146
10	6	179
9	6	262
8	6	176
7	6	150
6	6	249
5	6	221
4	6	197
3	6	141
2	6	206
1	6	183
50	7	95
49	7	131
48	7	137
47	7	147
46	7	156
45	7	136
44	7	112
43	7	135
42	7	56
41	7	33
40	7	112
39	7	110
38	7	103
37	7	78
36	7	84
35	7	123
34	7	135
33	7	139
32	7	109
31	7	80
30	7	135
29	7	116
28	7	126
27	7	107
26	7	114
25	7	111
24	7	135
23	7	127
22	7	135
21	7	209
20	7	151
19	7	135
18	7	180
17	7	239
16	7	180
15	7	214
14	7	142
13	7	160
12	7	243
11	7	211
10	7	196
9	7	201
8	7	215
7	7	180
6	7	270
5	7	261
4	7	238
3	7	288
2	7	267
1	7	243
50	8	94
49	8	141
48	8	23
47	8	158
46	8	110
45	8	164
44	8	121
43	8	143
42	8	153
41	8	60
40	8	112
39	8	135
38	8	190
37	8	148
36	8	164
35	8	146
34	8	93
33	8	187
32	8	45
31	8	117
30	8	62
29	8	111
28	8	96
27	8	123
26	8	90
25	8	90
24	8	116
23	8	101
22	8	160
21	8	95
20	8	61
19	8	185
18	8	145
17	8	225
16	8	196
15	8	196
14	8	164
13	8	211
12	8	293
11	8	180
10	8	214
9	8	190
8	8	249
7	8	254
6	8	238
5	8	219
4	8	341
3	8	85
2	8	280
1	8	264
50	9	82
49	9	122
48	9	15
47	9	101
46	9	175
45	9	112
44	9	118
43	9	198
42	9	140
41	9	165
40	9	101
39	9	74
38	9	109
37	9	107
36	9	97
35	9	156
34	9	95
33	9	164
32	9	94
31	9	137
30	9	186
29	9	115
28	9	116
27	9	108
26	9	45
25	9	93
24	9	57
23	9	71
22	9	46
21	9	163
20	9	98
19	9	148
18	9	135
17	9	193
16	9	135
15	9	169
14	9	90
13	9	161
12	9	151
11	9	178
10	9	193
9	9	144
8	9	153
7	9	149
6	9	162
5	9	129
4	9	173
3	9	122
2	9	214
1	9	161
50	10	71
49	10	104
48	10	107
47	10	180
46	10	159
45	10	96
44	10	158
43	10	157
42	10	107
41	10	138
40	10	120
39	10	142
38	10	210
37	10	162
36	10	124
35	10	203
34	10	224
33	10	150
32	10	139
31	10	160
30	10	132
29	10	135
28	10	111
27	10	89
26	10	116
25	10	135
24	10	190
23	10	189
22	10	120
21	10	146
20	10	148
19	10	161
18	10	117
17	10	142
16	10	112
15	10	100
14	10	154
13	10	147
12	10	148
11	10	202
10	10	218
9	10	136
8	10	163
7	10	152
6	10	198
5	10	151
4	10	138
3	10	149
2	10	325
1	10	176
50	11	102
49	11	117
48	11	127
47	11	83
46	11	173
45	11	46
44	11	151
43	11	211
42	11	143
41	11	126
40	11	120
39	11	90
38	11	51
37	11	161
36	11	135
35	11	146
34	11	122
33	11	163
32	11	128
31	11	152
30	11	99
29	11	105
28	11	93
27	11	57
26	11	63
25	11	112
24	11	122
23	11	180
22	11	138
21	11	164
20	11	135
19	11	180
18	11	164
17	11	156
16	11	90
15	11	180
14	11	191
13	11	198
12	11	185
11	11	223
10	11	214
9	11	155
8	11	180
7	11	146
6	11	214
5	11	132
4	11	257
3	11	324
2	11	175
1	11	226
50	12	108
49	12	108
48	12	163
47	12	179
46	12	196
45	12	104
44	12	116
43	12	127
42	12	180
41	12	145
40	12	131
39	12	109
38	12	78
37	12	76
36	12	147
35	12	157
34	12	178
33	12	84
32	12	141
31	12	131
30	12	80
29	12	86
28	12	44
27	12	122
26	12	99
25	12	90
24	12	128
23	12	208
22	12	90
21	12	80
20	12	189
19	12	241
18	12	180
17	12	180
16	12	159
15	12	180
14	12	135
13	12	214
12	12	194
11	12	147
10	12	187
9	12	203
8	12	175
7	12	147
6	12	238
5	12	144
4	12	231
3	12	251
2	12	250
1	12	280
50	13	70
49	13	116
48	13	125
47	13	105
46	13	159
45	13	136
44	13	166
43	13	148
42	13	145
41	13	149
40	13	137
39	13	175
38	13	163
37	13	123
36	13	181
35	13	156
34	13	166
33	13	111
32	13	68
31	13	116
30	13	135
29	13	103
28	13	118
27	13	102
26	13	70
25	13	152
24	13	79
23	13	140
22	13	127
21	13	110
20	13	118
19	13	151
18	13	135
17	13	218
16	13	167
15	13	164
14	13	149
13	13	200
12	13	186
11	13	162
10	13	112
9	13	162
8	13	225
7	13	155
6	13	158
5	13	201
4	13	206
3	13	212
2	13	326
1	13	275
50	14	108
49	14	150
48	14	140
47	14	193
46	14	39
45	14	213
44	14	131
43	14	141
42	14	161
41	14	139
40	14	217
39	14	192
38	14	116
37	14	132
36	14	183
35	14	137
34	14	170
33	14	152
32	14	79
31	14	113
30	14	134
29	14	166
28	14	165
27	14	182
26	14	117
25	14	123
24	14	165
23	14	107
22	14	82
21	14	74
20	14	130
19	14	123
18	14	161
17	14	165
16	14	90
15	14	165
14	14	116
13	14	144
12	14	200
11	14	177
10	14	117
9	14	196
8	14	190
7	14	95
6	14	87
5	14	178
4	14	248
3	14	230
2	14	220
1	14	222
50	15	127
49	15	131
48	15	180
47	15	148
46	15	99
45	15	197
44	15	148
43	15	115
42	15	79
41	15	107
40	15	101
39	15	182
38	15	130
37	15	114
36	15	175
35	15	180
34	15	240
33	15	176
32	15	137
31	15	169
30	15	215
29	15	164
28	15	162
27	15	135
26	15	163
25	15	149
24	15	153
23	15	154
22	15	135
21	15	54
20	15	76
19	15	95
18	15	180
17	15	213
16	15	192
15	15	225
14	15	183
13	15	215
12	15	202
11	15	145
10	15	131
9	15	121
8	15	108
7	15	122
6	15	172
5	15	152
4	15	180
3	15	151
2	15	149
1	15	180
50	16	64
49	16	225
48	16	168
47	16	158
46	16	152
45	16	195
44	16	180
43	16	169
42	16	75
41	16	127
40	16	123
39	16	123
38	16	101
37	16	122
36	16	90
35	16	178
34	16	208
33	16	150
32	16	90
31	16	90
30	16	105
29	16	119
28	16	34
27	16	75
26	16	22
25	16	100
24	16	164
23	16	133
22	16	63
21	16	92
20	16	82
19	16	122
18	16	135
17	16	213
16	16	139
15	16	157
14	16	173
13	16	159
12	16	112
11	16	237
10	16	101
9	16	102
8	16	191
7	16	163
6	16	224
5	16	188
4	16	248
3	16	215
2	16	180
1	16	268
50	17	166
49	17	199
48	17	161
47	17	106
46	17	192
45	17	191
44	17	164
43	17	180
42	17	147
41	17	152
40	17	180
39	17	173
38	17	126
37	17	152
36	17	205
35	17	140
34	17	141
33	17	150
32	17	80
31	17	57
30	17	63
29	17	115
28	17	107
27	17	65
26	17	80
25	17	33
24	17	167
23	17	107
22	17	68
21	17	90
20	17	174
19	17	135
18	17	142
17	17	180
16	17	135
15	17	195
14	17	159
13	17	77
12	17	180
11	17	192
10	17	131
9	17	167
8	17	156
7	17	154
6	17	154
5	17	218
4	17	207
3	17	92
2	17	154
1	17	194
50	18	156
49	18	119
48	18	203
47	18	166
46	18	268
45	18	197
44	18	182
43	18	190
42	18	156
41	18	172
40	18	124
39	18	155
38	18	121
37	18	121
36	18	167
35	18	179
34	18	168
33	18	107
32	18	130
31	18	97
30	18	85
29	18	103
28	18	21
27	18	147
26	18	71
25	18	130
24	18	195
23	18	130
22	18	91
21	18	57
20	18	88
19	18	165
18	18	160
17	18	157
16	18	135
15	18	150
14	18	210
13	18	147
12	18	156
11	18	148
10	18	127
9	18	181
8	18	155
7	18	187
6	18	258
5	18	148
4	18	254
3	18	225
2	18	135
1	18	194
50	19	170
49	19	180
48	19	302
47	19	255
46	19	218
45	19	184
44	19	186
43	19	238
42	19	223
41	19	32
40	19	117
39	19	35
38	19	154
37	19	167
36	19	50
35	19	159
34	19	162
33	19	130
32	19	143
31	19	110
30	19	126
29	19	152
28	19	78
27	19	86
26	19	59
25	19	114
24	19	113
23	19	103
22	19	25
21	19	103
20	19	91
19	19	137
18	19	180
17	19	152
16	19	154
15	19	251
14	19	238
13	19	214
12	19	225
11	19	204
10	19	110
9	19	120
8	19	255
7	19	166
6	19	209
5	19	171
4	19	225
3	19	225
2	19	202
1	19	283
50	20	83
49	20	171
48	20	277
47	20	61
46	20	142
45	20	80
44	20	156
43	20	112
42	20	172
41	20	75
40	20	171
39	20	127
38	20	69
37	20	152
36	20	146
35	20	92
34	20	90
33	20	129
32	20	107
31	20	102
30	20	69
29	20	123
28	20	28
27	20	102
26	20	59
25	20	63
24	20	89
23	20	84
22	20	5
21	20	70
20	20	107
19	20	121
18	20	90
17	20	97
16	20	69
15	20	165
14	20	107
13	20	180
12	20	164
11	20	55
10	20	85
9	20	225
8	20	180
7	20	139
6	20	168
5	20	149
4	20	167
3	20	102
2	20	117
1	20	166
