"row"	"col"	"grain"	"straw"
1	1	67.2	136.8
1	10	63.3	111.7
1	11	42.8	83.2
1	12	60.2	101.8
1	13	71.4	134.6
1	14	51.8	85.2
1	15	60.5	113.5
1	16	56.2	115.8
1	17	75.4	142.6
1	18	59.6	110.4
1	19	58.5	105.5
1	2	59	122
1	20	64.7	123.3
1	21	64.1	106.9
1	22	59	112
1	23	45.7	88.3
1	24	36.2	72.8
1	25	27.5	54.5
1	26	25.8	54.2
1	27	29.4	67.6
1	28	40.5	82.5
1	29	47.7	90.3
1	3	67.2	124.8
1	30	37.6	69.4
1	31	35.6	69.4
1	4	53.5	105.5
1	5	50.7	94.3
1	6	78.5	170.5
1	7	42.4	87.6
1	8	70	114
10	1	34.8	91.2
10	10	23	57
10	11	45.7	92.3
10	12	28.4	63.6
10	13	56.3	113.7
10	14	35.1	68.9
10	15	28.3	35.7
10	16	34.3	85.7
10	17	27	64
10	18	42	91
10	19	11.6	33.4
10	2	34.4	78.6
10	20	15.5	40.5
10	21	26.2	63.8
10	22	22.1	56.9
10	23	34.6	74.4
10	24	48.6	99.4
10	25	34	75
10	26	56	121
10	27	35.5	87.5
10	28	32.9	84.1
10	29	35.2	85.8
10	3	40.2	77.8
10	30	81.1	160.9
10	31	47.3	97.7
10	4	60.5	123.5
10	5	53.7	100.3
10	6	30.6	71.4
10	7	45.7	94.3
10	8	55.5	105.5
10	9	49.5	103.5
100	1	43	82
100	10	30.9	72.1
100	11	46	86
100	12	32.8	58.2
100	13	57.6	107.4
100	14	40.5	84.5
100	15	27.8	79.2
100	16	52.5	105.5
100	17	49.7	98.3
100	18	25.4	64.6
100	19	19.1	41.9
100	2	29.8	69.2
100	20	43.6	78.4
100	26	52.3	102.7
100	27	48.4	98.6
100	28	30.6	60.8
100	29	37.7	71.3
100	3	33.8	76.2
100	30	49.6	88.4
100	31	49.7	97.3
100	4	20.7	46.3
100	5	37.5	85.5
100	6	56.7	102.3
100	7	40.2	80.8
100	8	21.1	58.9
100	9	32.8	72.2
11	1	47.3	100.7
11	10	43.5	88.5
11	11	15.5	41.5
11	12	33.7	60.3
11	13	37.8	79.2
11	14	28.4	61.6
11	15	23.5	49.5
11	16	32.9	85.1
11	17	28.3	67.7
11	18	56.7	123.3
11	19	47.7	92.3
11	2	35.8	79.2
11	20	45.8	97.2
11	21	54.4	88.6
11	22	34.8	73.2
11	23	48.5	90.5
11	24	46	78
11	25	34.7	68.3
11	26	22.9	61.1
11	27	52.8	113.2
11	28	22.2	66.8
11	29	34.2	73.8
11	3	42.3	83.7
11	30	17.5	40.5
11	31	99.1	180.9
11	4	51.3	108.7
11	5	39.2	79.8
11	6	30.4	77.6
11	7	48.2	97.8
11	8	36.7	68.3
11	9	34.6	75.4
12	1	44	96
12	11	18.5	44.5
12	12	21.3	42.7
12	13	13.5	33.5
12	14	12.4	34.6
12	15	5.9	27.1
12	16	6.3	15.7
12	17	46.5	103.5
12	18	56.3	114.7
12	19	49.5	90.5
12	2	53.4	113.6
12	20	62.1	107.9
12	21	40.6	76.4
12	22	55.4	101.6
12	23	39.6	79.4
12	24	43.6	87.4
12	25	25.1	51.9
12	26	17.7	48.3
12	27	14.5	42.5
12	28	80.6	158.4
12	29	7.5	35.5
12	3	8.5	28.5
12	30	58.5	127.5
12	31	32.7	70.3
12	4	5.4	19.6
12	5	30.1	67.9
12	6	66.1	133.9
12	7	49.2	108.8
12	8	15.2	35.8
12	9	71.5	130.5
13	1	66.1	151.9
13	10	52.9	105.1
13	11	27	60
13	12	54	91
13	13	72.3	129.7
13	14	29.5	60.5
13	15	35.2	78.8
13	16	66.6	145.4
13	17	66.9	126.1
13	18	54.5	48.5
13	19	47.5	84.5
13	2	62.9	128.1
13	20	38.9	75.1
13	21	56.2	108.8
13	22	39.4	77.6
13	23	25.5	58.5
13	24	41.9	80.1
13	25	42.7	79.3
13	26	66.6	134.4
13	27	10.6	33.4
13	28	31.3	63.7
13	29	52.2	97.8
13	3	51.2	107.8
13	30	31.2	72.8
13	31	31.1	91.9
13	4	56.7	128.3
13	5	17.3	48.7
13	6	38.9	87.1
13	7	43.9	88.1
13	8	65.2	119.8
13	9	57.7	123.3
14	1	51.6	113.4
14	10	64.9	115.1
14	11	70.5	139.5
14	12	48.9	102.1
14	13	64.6	127.4
14	14	75.6	138.4
14	15	39	88
14	16	43.4	96.6
14	17	39.2	92.8
14	18	71.9	148.1
14	19	64	111
14	2	36.5	77.5
14	20	56.2	121.8
14	21	73.1	128.9
14	22	47	86
14	23	49.8	98.2
14	24	32.8	65.2
14	25	50	90
14	26	27.6	62.4
14	27	21.2	51.8
14	28	34.7	85.3
14	29	23	55
14	3	43.2	91.8
14	30	33.8	65.2
14	31	15.3	47.7
14	4	60.3	129.7
14	5	53.5	101.5
14	6	51.5	107.5
14	7	61.2	105.8
14	8	47.6	92.4
14	9	52.7	111.3
15	1	46	94
15	10	34	70
15	11	40	78
15	12	39.7	71.3
15	13	39.5	82.5
15	14	22.2	46.8
15	15	19.5	40.5
15	16	28.1	69.9
15	17	51.7	100.3
15	18	47.9	97.1
15	19	18.5	34.5
15	2	31.3	71.7
15	20	27.8	52.2
15	21	36.1	76.9
15	22	50.6	92.4
15	23	60.1	103.9
15	24	58.9	114.1
15	25	42.5	85.5
15	26	25.7	55.3
15	27	41.2	83.8
15	28	23.3	55.7
15	29	67.2	148.8
15	3	35.4	71.6
15	30	77.4	147.6
15	31	80.9	167.1
15	4	42.5	96.5
15	5	48.2	89.8
15	6	31.2	74.8
15	7	20.8	61.2
15	8	41.2	86.8
15	9	47.2	93.8
16	1	55	105
16	10	46.9	93.1
16	11	34.7	129.3
16	12	34.5	66.5
16	13	39.5	79.5
16	14	30.5	64.5
16	15	26.1	53.9
16	16	71.2	157.8
16	17	47.1	99.9
16	18	45.3	80.7
16	19	30.9	61.1
16	2	68	130
16	20	55.6	106.4
16	21	53.6	99.4
16	22	20.8	55.2
16	23	35.1	63.9
16	24	26.3	58.7
16	25	17.6	37.4
16	26	48.7	92.3
16	27	40.2	86.8
16	28	24.2	53.8
16	29	44.5	83.5
16	3	56.1	103.9
16	30	9.3	26.7
16	31	29.1	68.9
16	4	51.8	117.2
16	5	66	79
16	6	38.9	88.1
16	7	47.1	99.9
16	8	40	72
16	9	51.6	98.4
17	1	41.9	88.1
17	10	28.4	67.6
17	11	32.2	55.8
17	12	24.8	53.2
17	13	56.4	127.6
17	14	50.3	101.7
17	15	22.7	49.3
17	16	32.5	77.5
17	17	48.7	103.3
17	18	47.3	98.7
17	19	55.1	94.9
17	2	37.7	73.3
17	20	34.3	61.7
17	21	53.6	105.4
17	22	69.8	126.2
17	23	46.1	82.9
17	24	28	59
17	25	36.7	69.3
17	26	40.4	77.6
17	27	36.7	69.3
17	28	37.9	77.1
17	29	35	73
17	3	57.9	104.1
17	30	41	84
17	31	75.6	142.4
17	4	59	124
17	5	46.6	99.4
17	6	52	103
17	7	34	74
17	8	34.3	75.7
17	9	38.4	79.6
18	1	70.2	152.8
18	10	59.7	113.3
18	11	52.4	100.6
18	12	68.7	122.3
18	13	54.7	120.3
18	14	36.7	72.3
18	15	48.7	85.3
18	16	44	93
18	17	63.7	128.3
18	18	79.5	158.5
18	19	46.5	80.5
18	2	72.8	143.2
18	20	59.5	123.5
18	21	42.1	78.9
18	22	43.9	89.1
18	23	54.7	101.6
18	24	44.9	84.1
18	25	78.5	139.5
18	26	49.5	95.3
18	27	26.6	68.4
18	28	88.6	171.4
18	29	49.3	69.7
18	3	55.1	107.9
18	30	67.2	120.8
18	31	14.4	37.6
18	4	42.5	100.5
18	5	47.5	91.5
18	6	62.9	128.1
18	7	85	163
18	8	53.5	102.5
18	9	63.5	118.5
19	1	49.2	99.8
19	10	68.8	115.2
19	11	47.4	94.6
19	12	78.5	140.5
19	13	100	238
19	14	54.8	98.2
19	15	55.6	101.4
19	16	49.7	131.3
19	17	22.9	55.1
19	18	52	102
19	19	50.8	94.2
19	2	58.9	119.1
19	20	89.2	168.8
19	21	54.7	114.3
19	22	47.5	90.5
19	23	84.4	150.6
19	24	46	78
19	25	42.7	72.3
19	26	45.1	90.9
19	27	64.3	125.7
19	28	46.3	92.7
19	29	87.9	157.1
19	3	62.2	121.8
19	30	60.2	113.8
19	31	47.7	88.3
19	4	80.2	176.8
19	5	47.8	89.2
19	6	35.8	82.2
19	7	24.4	59.6
19	8	45.2	84.8
19	9	46.8	89.2
2	1	54	112
2	10	38.7	71.3
2	11	51.9	99.1
2	12	55.8	89.2
2	13	70.9	124.1
2	14	53.3	99.7
2	15	42.3	71.7
2	16	37.7	78.3
2	17	49.4	89.6
2	18	40.7	81.3
2	19	25.3	45.7
2	2	51	101
2	20	37.1	73.9
2	21	61.5	108.5
2	22	46.7	87.6
2	23	48.6	97.4
2	24	38.6	66.4
2	25	43.6	80.4
2	26	44.8	80.2
2	27	34.4	70.6
2	28	35.5	70.5
2	29	20.5	54.5
2	3	39.4	92.6
2	30	51.5	85.4
2	31	44.2	79.8
2	4	50.4	108.6
2	5	51	100
2	6	40.6	92.4
2	7	31.3	63.7
2	8	46	70
2	9	21.3	51.7
20	1	56.1	113.9
20	10	35	73
20	11	26.7	74.3
20	12	37.7	64.3
20	13	25.8	62.2
20	14	66.2	114.8
20	15	32.6	69.4
20	16	41.4	111.6
20	17	49.6	97.4
20	18	4.9	22.1
20	19	10	29
20	2	37.1	82.9
20	20	26	61
20	21	30.3	66.7
20	22	16.5	43.5
20	23	11.6	29.4
20	24	35.2	69.8
20	25	28.1	55.9
20	26	14.8	33.2
20	27	25.7	64.3
20	28	28	64
20	29	43.9	91.1
20	3	48.2	98.8
20	30	57.9	108.1
20	31	54.1	94.9
20	4	49.8	107.2
20	5	69.2	132.8
20	6	19.7	50.3
20	7	44.2	92.8
20	8	59.5	103.5
20	9	67.8	129.2
21	1	42.7	89.3
21	10	45.4	80.6
21	11	58.7	108.3
21	12	44	79
21	13	41.4	91.6
21	14	32.8	60.2
21	15	58.4	96.6
21	16	27.5	67.5
21	17	27.5	60.5
21	18	57.1	99.9
21	19	50.4	94.6
21	2	77.6	147.4
21	20	41.8	86.2
21	21	34.2	78.8
21	22	65.7	125.3
21	23	30	67
21	24	49.7	100.3
21	25	50.6	85.4
21	26	43.5	84.5
21	27	25	54
21	28	24.8	47.2
21	29	59.5	114.5
21	3	41.5	84.5
21	30	40.4	76.6
21	31	47.9	100.1
21	4	40.6	92.4
21	5	39.4	76.6
21	6	29.4	76.6
21	7	46.8	75.2
21	8	26.2	66.8
21	9	27	62
22	1	52.8	111.2
22	10	38.5	82.5
22	11	31.7	54.3
22	12	49.5	95.5
22	13	53.9	104.1
22	14	91	150
22	15	38.2	65.8
22	16	37.5	75.5
22	17	20.5	53.5
22	18	59.2	99.8
22	19	32.8	58.2
22	2	33.6	64.4
22	20	18.5	43.5
22	21	74	142
22	22	44.2	90.8
22	23	37.3	94.7
22	24	53.4	105.6
22	25	58.6	101.4
22	26	26.4	72.6
22	27	26.2	62.8
22	28	38.9	82.1
22	29	62.6	114.4
22	3	58.8	104.2
22	30	42.5	78.8
22	31	37.8	78.2
22	4	33.8	80.2
22	5	47.9	102.1
22	6	49	112
22	7	55	120
22	8	33.6	63.4
22	9	39.1	76.9
23	1	36.4	81.6
23	10	42.4	85.6
23	11	28.7	64.3
23	12	40.5	68.5
23	13	45.2	83.8
23	14	24.4	50.6
23	15	68.7	122.3
23	16	28.1	64.9
23	17	57.1	108.9
23	18	34	67
23	19	42.9	82.1
23	2	81.4	143.6
23	20	54	105
23	21	19	38
23	22	38.4	77.6
23	23	29.6	60.4
23	24	26	54
23	25	38.7	71.3
23	26	29	66
23	27	32.8	81.2
23	28	19.7	46.3
23	29	33.7	69.3
23	3	55	102
23	30	28.1	54.9
23	31	52.1	98.9
23	4	45.7	101.3
23	5	48.9	93.1
23	6	65.3	142.7
23	7	43.8	88.2
23	8	29.8	69.2
23	9	44.7	89.3
24	1	70.8	144.2
24	10	47.3	95.7
24	11	67.6	125.4
24	12	87.8	148.2
24	13	48.8	91.4
24	14	57.2	113.8
24	15	24.8	54.2
24	16	53.4	97.6
24	17	28.8	66.2
24	18	50.6	89.4
24	19	46.4	88.6
24	2	37	72
24	20	32.4	71.6
24	21	54.2	98.8
24	22	33.1	70.9
24	23	57.7	110.3
24	24	51.5	105.5
24	25	53.1	101.9
24	26	48.6	94.4
24	27	54.2	116.8
24	28	59.7	115.3
24	29	65.2	132.8
24	3	54.6	79.4
24	30	66.7	128.3
24	31	6.8	30.2
24	4	62.3	128.7
24	5	68.8	117.2
24	6	46.2	108.8
24	7	56	109
24	8	25.9	59.1
24	9	45.2	101.8
25	1	34	89
25	10	37.3	75.7
25	11	26.6	58.4
25	12	31.9	61.1
25	13	27.2	58.8
25	14	31.8	61.2
25	15	34.5	70.5
25	16	33.4	70.6
25	17	47	87.9
25	18	45.1	79.9
25	19	30.4	60.6
25	2	31.8	60.2
25	20	31.3	63.7
25	21	49.2	93.8
25	22	52.8	95.2
25	23	36.5	74.5
25	24	48.3	96.7
25	25	51	96
25	26	45.1	91.9
25	27	23	61
25	28	21.2	42.8
25	29	23.8	59.2
25	3	30.3	53.7
25	30	35.3	72.7
25	31	63.4	128.6
25	4	36.9	84.1
25	5	44.5	89.5
25	6	53.5	121.5
25	7	39	77
25	8	32.1	67.9
25	9	25.7	63.3
26	1	33	80
26	10	29	56
26	11	49.9	93.1
26	12	46.2	75.8
26	13	44.3	72.7
26	14	24.5	53.5
26	15	24.9	45.1
26	16	26.7	65.3
26	17	20.8	53.2
26	18	39.5	75.5
26	19	32.5	68.5
26	2	83.8	118.2
26	20	50.6	100.4
26	21	44.5	82.5
26	22	25.8	50.2
26	23	32	71
26	24	33.4	73.6
26	25	51.1	91.9
26	26	32	70
26	27	50.7	104.3
26	28	13.4	41.6
26	29	39.3	87.7
26	3	46.8	85.2
26	30	50.8	86.2
26	31	28.5	62.5
26	4	43.7	98.3
26	5	62.5	133.5
26	6	46.4	105.6
26	7	31.3	67.7
26	8	35	69
26	9	46	73
27	1	30.8	74.2
27	10	46	88
27	11	22	44
27	12	55.1	96.9
27	13	57.7	106.3
27	14	59.8	112.2
27	15	77.2	127.8
27	16	21.1	46.9
27	17	60.4	107.6
27	18	36.3	68.7
27	19	25.5	53.5
27	2	53.7	99.3
27	20	33.3	70.7
27	21	56	93
27	22	51.2	99.8
27	23	44.8	89.2
27	24	64.2	123.8
27	25	47.5	90.5
27	26	39.2	85.8
27	27	27.9	47.1
27	28	39.7	87.3
27	29	39.1	80.9
27	3	61.5	111.5
27	30	61.2	104.8
27	31	54.3	105.7
27	4	51.1	107.9
27	5	52.6	97.4
27	6	56.2	117.8
27	7	60.7	111.3
27	8	64.9	112.1
27	9	64.2	110.8
28	1	39.8	87.2
28	10	43	79
28	11	55	102
28	12	40.7	79.3
28	13	35.4	76.6
28	14	32.8	66.2
28	15	29.5	66.6
28	16	71.2	148.8
28	17	53.6	93.4
28	18	66.7	130.3
28	19	72.9	137.1
28	2	34.2	69.8
28	20	35.6	77.4
28	21	27.8	51.2
28	22	40.9	83.1
28	23	43.4	75.6
28	24	56.6	109.4
28	25	78.8	145.2
28	26	58.6	102.4
28	27	20	43
28	28	24.3	55.7
28	29	31.6	83.4
28	3	51.3	88.7
28	30	26.6	56.4
28	31	29	62
28	4	52	112
28	5	35.6	69.4
28	6	34.5	71.5
28	7	47.3	97.7
28	8	53	115
28	9	56	103
29	1	18.6	52.4
29	10	53.9	96.1
29	11	34.6	70.4
29	12	47.2	90.8
29	13	41.5	85.5
29	14	41.9	80.1
29	15	27.6	64.4
29	16	27.4	67.6
29	17	43.5	93.5
29	18	29.7	59.3
29	19	20.3	40.7
29	2	52	99
29	20	29.7	59.3
29	21	50.2	94.8
29	22	28.7	62.3
29	23	35.7	68.3
29	24	41.9	83.1
29	25	19.3	38.7
29	26	42.1	81.9
29	27	35	73
29	28	25.7	60.3
29	29	18.3	43.7
29	3	39	77
29	30	29.7	68.3
29	31	32.3	67.7
29	4	43.9	88.1
29	5	51.5	103.5
29	6	44.4	94.6
29	7	41.2	79.8
29	8	23.4	56.6
29	9	56.7	101.3
3	1	60	125
3	10	41.4	97.6
3	11	38.9	68.1
3	12	30.7	40.3
3	13	39.5	78.5
3	14	41.2	77.8
3	15	34.7	67.3
3	16	62.9	134
3	17	37.6	79.4
3	18	45.9	88.1
3	19	36.1	58.9
3	2	44	99
3	20	27.8	69.2
3	21	34.9	71.1
3	22	32.8	69.2
3	23	31.9	65.1
3	24	42.9	90.1
3	25	43.5	83.5
3	26	62.6	96.4
3	27	35.2	71.8
3	28	26.6	58.4
3	29	20.6	87.4
3	3	59.8	110.2
3	30	27	56
3	31	27.6	57.4
3	4	60.5	132.5
3	5	51.9	102.1
3	6	48.1	114.9
3	7	57.8	115.2
3	8	35.9	71.1
3	9	61.5	125.5
30	1	49.6	124.4
30	10	16.2	36.8
30	11	44.6	80.4
30	12	30	66
30	13	57.6	114.4
30	14	20.3	48.7
30	15	57.4	101.6
30	16	27.7	64.3
30	17	52.9	95.1
30	18	57.3	115.7
30	19	28.7	58.3
30	2	39.5	69.5
30	20	25	60
30	21	36.2	68.8
30	22	46.3	88.7
30	23	42.8	85.2
30	24	81.6	145.4
30	25	39.1	82.9
30	26	41.9	79.1
30	27	28.1	61.9
30	28	51.7	107.3
30	29	31.4	72.6
30	3	35.3	65.7
30	30	50.2	99.8
30	31	18.1	37.9
30	4	33.6	65.4
30	5	23.7	54.3
30	6	50.6	101.4
30	7	27.4	54.6
30	8	39	76
30	9	17.9	43.1
31	1	54	113
31	10	57	100
31	12	32.6	62.5
31	13	22.3	51.7
31	14	36	66
31	15	28.9	66.1
31	16	27.8	68.2
31	17	42.7	74.3
31	18	12.8	31.2
31	19	31.6	69.4
31	2	21.6	45.4
31	20	40	84
31	21	36.6	67.6
31	22	31.4	66.6
31	23	20.6	49.4
31	24	22.2	46.8
31	25	48.1	86.9
31	26	28.4	63.4
31	27	18	47
31	28	15.6	41.4
31	29	58.6	112.4
31	3	41.4	75.6
31	30	31.2	62.8
31	31	41.7	84.3
31	4	46.3	97.7
31	5	15.8	44.2
31	6	17.4	53.6
31	7	39	82
31	8	35	74
31	9	47.9	92.1
32	1	37.3	100.7
32	10	37.8	56.2
32	11	16.1	38.9
32	12	18.8	39.2
32	13	44.3	83.7
32	14	28	58
32	15	32.6	63.4
32	16	17.6	48.4
32	17	51.4	92.6
32	18	17.6	49.4
32	19	32	58
32	2	56.3	104.7
32	20	29	63
32	21	50.7	84.3
32	22	49	82
32	23	42.4	79.6
32	24	31.5	67.5
32	25	32.7	58.3
32	26	43.6	81.4
32	27	33.2	67.8
32	28	25.4	63.6
32	29	17.5	46.5
32	3	36.9	64.1
32	30	31.6	66.4
32	31	29.8	63.2
32	4	28.6	62.4
32	5	36.7	70.3
32	6	30.6	69.4
32	7	52.1	99.9
32	8	26	57
32	9	21.8	48.2
33	1	60.7	114.3
33	10	28.6	50.4
33	11	20	44
33	12	43	77
33	13	38.2	74.8
33	14	45.9	80.1
33	15	34.7	57.3
33	16	52.7	123.3
33	17	27.3	49.7
33	18	40	89
33	19	24	52
33	2	48.6	84.4
33	20	28.7	59.3
33	21	24.9	46.1
33	22	17.2	35.8
33	23	32.4	56.6
33	24	27.3	63.7
33	25	36.9	69.1
33	26	21.8	54.2
33	27	32.1	67.9
33	28	33.9	68.1
33	29	35.7	76.3
33	3	33.8	62.2
33	30	19.5	57.5
33	31	39.6	76.4
33	4	32.7	72.3
33	5	27	61
33	6	25.6	68.4
33	7	43.3	96.7
33	8	16.2	40.8
33	9	41.7	84.3
34	1	28.8	59.2
34	10	55	103
34	11	33.5	64.5
34	12	37.4	70.6
34	13	53.1	98.9
34	14	23.3	51.7
34	15	45.2	80.8
34	16	12.8	29.2
34	17	44.2	91.8
34	18	65.8	120.2
34	19	51.8	96.2
34	2	28.5	51.5
34	20	54.1	97.9
34	21	28.1	54.9
34	22	43	82
34	23	44.2	79.8
34	24	35.2	66.8
34	25	25.6	52.4
34	26	42	75
34	27	13.9	29.1
34	28	24.5	57.5
34	29	33.4	72.6
34	3	47.8	74.2
34	30	24.1	51.9
34	31	16.3	38.7
34	4	37.8	76.2
34	5	58.3	103.7
34	6	54.7	111.3
34	7	48.9	110.1
34	8	63.4	116.6
34	9	45.4	90.6
35	1	56.4	112.6
35	10	47.1	88.9
35	11	45.6	99.4
35	12	25.5	40.5
35	13	26.6	67.4
35	14	48.7	92.3
35	15	8.2	30.8
35	16	53.5	113.6
35	17	31.2	63.8
35	18	27.2	46.8
35	19	36.5	66.5
35	2	46	82
35	20	27.2	56.8
35	21	41.4	73.6
35	22	28.6	63.4
35	23	23.6	43.4
35	24	55.5	104.5
35	25	83.9	144.1
35	26	46.2	89.8
35	27	69.6	134.4
35	28	38.7	75.3
35	29	33.9	65.1
35	3	44.7	73.3
35	30	27.5	57.5
35	31	36.3	78.7
35	4	35.1	73.9
35	5	24.5	51.5
35	6	29.6	58.4
35	7	43.7	82.3
35	8	58	103
35	9	42.2	79.8
36	1	44.5	80.5
36	10	39.7	72.3
36	11	27.4	64.6
36	12	33.1	64.9
36	13	22.9	52.1
36	14	36.6	73.4
36	15	15	36
36	16	33.6	72.4
36	17	38.9	70.1
36	18	28.1	57.9
36	19	24.9	57.1
36	2	29	51
36	20	48.4	90.6
36	21	17.9	39.1
36	22	33.6	60.4
36	23	39.3	77.7
36	24	24	54
36	25	17.6	33.4
36	26	20.6	45.4
36	27	29.7	56.3
36	28	35.6	71.4
36	29	31.8	55.2
36	3	29.8	57.2
36	30	30.5	64.5
36	31	33.1	61.9
36	4	38	58
36	5	48.6	89.4
36	6	44.2	85.8
36	7	49	96
36	8	46	82
36	9	43.5	78.5
37	1	30.6	57.4
37	10	20.2	46.8
37	11	38.8	78.2
37	12	39.8	65.2
37	13	34.9	70.1
37	14	25.4	55.6
37	15	41.6	72.4
37	16	12.2	29.8
37	17	21.9	51.1
37	18	43.7	90.3
37	19	30	61
37	2	37.6	76.4
37	20	34.8	74.2
37	21	27	55
37	22	28.9	57.1
37	23	56.6	111.4
37	24	29.8	65.2
37	25	29.5	56.5
37	26	18.9	44.1
37	27	29.4	45.6
37	28	29.2	60.8
37	29	32.6	72.4
37	3	40.6	68.4
37	30	19.4	32.6
37	31	59.7	112.3
37	4	25.8	60.2
37	5	33.2	62.8
37	6	25.8	65.2
37	7	18.2	40.8
37	8	30.1	53.9
37	9	57.6	105.4
38	1	38.7	79.3
38	10	22.4	48.6
38	11	22.3	56.7
38	12	37.4	65.6
38	13	27.1	61.9
38	14	30.9	57.1
38	15	19.2	32.8
38	16	21	52
38	17	32.9	64.1
38	18	30	66
38	19	23.8	47.2
38	2	45.8	78.2
38	20	45.8	103.2
38	21	23	49
38	22	32	64
38	23	23.5	52.2
38	24	40.4	76.6
38	25	40.3	76.7
38	26	40.2	76.8
38	27	18.7	48.3
38	28	22.9	54.1
38	29	27.2	65.8
38	3	37.6	72.4
38	30	34.7	66.3
38	31	28	54
38	4	32.8	69.2
38	5	23.8	50.2
38	6	60	116
38	7	34.4	70.6
38	8	50.5	98.5
38	9	25.9	57.1
39	1	41.8	78.2
39	10	31.1	58.9
39	11	38.1	69.9
39	12	34	66
39	13	21.4	45.6
39	14	17.3	41.7
39	15	36.8	66.2
39	16	26.4	55.6
39	17	30.7	75.3
39	18	15.3	36.7
39	19	28.4	63.6
39	2	53.5	95.5
39	20	63	117
39	21	31.2	57.8
39	22	38.6	77.4
39	23	54.9	98.1
39	24	23.5	50.5
39	25	11.6	30.4
39	26	14.7	36.3
39	27	16.1	39.9
39	28	16	43
39	29	14.7	35.3
39	3	28.7	56.3
39	30	17.7	47.3
39	31	34	71
39	4	41.4	84.9
39	5	39.2	72.8
39	6	28.6	67.4
39	7	28.5	61.5
39	8	21.5	43.5
39	9	54.2	78.8
4	1	40.5	91.5
4	10	77.1	151.9
4	11	83.1	156.7
4	12	69.8	126.2
4	13	45.7	99.3
4	14	53.8	99.2
4	15	78.4	153.6
4	16	59.7	145.3
4	17	52.2	101.8
4	18	84.4	190.6
4	19	90	171
4	2	45	114.5
4	20	98.7	169.3
4	21	66.2	117.8
4	22	55.2	105.8
4	23	79.8	147.2
4	24	54	98
4	25	38.7	76.4
4	26	29.3	54.7
4	27	31.8	82.2
4	28	44.7	92.3
4	29	73.6	151.4
4	3	43.9	87.1
4	30	82	149
4	31	68.1	139.9
4	4	81.4	188.6
4	5	59.1	129.9
4	6	56.3	123.7
4	7	64.8	133.2
4	8	87.8	160.2
4	9	48.7	103.3
40	1	76.6	148.4
40	10	27.3	57.8
40	11	21.5	38.5
40	12	61.1	108.9
40	13	45.4	90.6
40	14	57.7	95.3
40	15	64	116
40	16	15.8	48.2
40	17	42.6	88.7
40	18	30.8	64.2
40	19	32.2	70.8
40	2	48.2	90.8
40	20	34.9	72.1
40	21	50.1	92.9
40	22	39.9	76.1
40	23	22.5	48.5
40	24	60.1	127.9
40	25	38.5	85.5
40	26	40.5	83.5
40	27	41.4	66.6
40	28	33.8	70.2
40	29	38.1	73.9
40	3	39.4	68.6
40	30	50.3	91.7
40	31	25.9	56.1
40	4	45.7	89.3
40	5	35.8	72.2
40	6	28.9	66.1
40	7	40	80
40	8	31.7	63.3
40	9	23.5	58.5
41	1	56	109
41	10	39.6	86.4
41	11	41	74
41	12	31.7	53.3
41	13	65.7	127.3
41	14	41.8	76.2
41	15	23.7	49.3
41	16	62.7	94.3
41	17	21.5	44.5
41	18	58.3	118.7
41	19	37.2	80.8
41	2	33.5	67.5
41	20	45.3	109.7
41	21	19.7	40.3
41	22	33.5	64.5
41	23	53	100
41	24	39.1	83.9
41	25	66.9	128.1
41	26	46.5	95.5
41	27	21.5	41.5
41	28	18.8	41.2
41	29	38.5	82.5
41	3	58.6	106.4
41	30	27.8	58.2
41	31	43.6	94.4
41	4	49.2	95.8
41	5	53.6	99.7
41	6	50.5	105.5
41	7	58.8	110.2
41	8	64.3	102.7
41	9	34.5	83.5
42	1	25.6	58.4
42	10	28.5	60.5
42	11	53.5	106.6
42	12	33.5	64.5
42	13	38.6	74.4
42	14	45.8	79.2
42	15	43.3	83.7
42	16	27	64
42	17	36.9	63.1
42	18	26	55
42	19	50	98
42	2	65	117
42	20	38.6	78.4
42	21	38.2	73.8
42	22	32.8	75.2
42	23	50.9	92.1
42	24	54.2	104.8
42	25	23	51
42	26	31.9	59.1
42	27	46	91
42	28	67.4	114.6
42	29	53	113
42	3	24.5	48.8
42	30	30.7	66.3
42	31	33.6	77.4
42	4	26.8	61.2
42	5	48.2	58.8
42	6	44.7	92.3
42	7	30.2	54.8
42	8	41.8	82.2
42	9	27.5	66.5
43	1	47	98
43	10	38.6	71.4
43	11	37.6	86.4
43	12	51.2	92.8
43	13	31.6	55.4
43	14	27.3	52.7
43	15	45.8	81.2
43	16	36.6	75.4
43	17	36.5	64.5
43	18	17.5	110.5
43	19	39.4	82.6
43	2	57.1	101.9
43	20	44.6	86.4
43	21	22.9	44.1
43	22	31.6	66.4
43	23	28.7	66.3
43	24	69.2	130.8
43	25	59.4	106.6
43	26	46.7	86.3
43	27	24.5	44.5
43	28	9.1	25.9
43	29	27.9	69.1
43	3	61.6	75.4
43	30	46.8	84.2
43	31	42.5	88.5
43	4	43.8	89.2
43	5	41.6	92.4
43	6	49.7	97.3
43	7	27.6	60.4
43	8	26	62
43	9	70.3	134.7
44	1	53.6	109.4
44	10	72.5	125.5
44	11	48.6	103.4
44	12	41.6	71.4
44	13	22.7	48.3
44	14	21.1	46.9
44	15	56.4	96.6
44	16	23.2	53.8
44	17	28	70
44	18	43.3	88.7
44	19	48.3	87.7
44	2	38.2	80.8
44	20	31.1	74.9
44	21	53.8	88.2
44	22	12.9	28.1
44	23	42	82
44	24	11.3	27.7
44	25	22.8	29.2
44	26	33.2	63.8
44	27	21.5	48.5
44	28	13.2	37.8
44	29	38.1	76.9
44	3	36.6	68.4
44	30	35	67
44	31	46.8	94.2
44	4	65.2	123.8
44	5	51.2	87.8
44	6	20.9	43.1
44	7	20	44
44	8	16.2	42.8
44	9	40.8	80.2
45	1	38.8	90.2
45	10	55.8	114.2
45	11	45.4	92.6
45	12	41	74
45	13	33.8	73.2
45	14	65	118
45	15	42.5	80.5
45	16	22.5	56.5
45	17	50	95
45	18	51.6	107.5
45	19	66.8	120.2
45	2	46.9	99.1
45	20	40.6	80.4
45	21	39.4	74.6
45	22	56.1	110.9
45	23	42.8	71.2
45	24	59.1	119.9
45	25	54.1	95.9
45	26	55.8	105.2
45	27	40.2	76.8
45	28	45.5	85.5
45	29	49.6	98.4
45	3	38.8	77.2
45	30	47.7	87.3
45	31	27.6	57.4
45	4	26	63
45	5	32.1	65.9
45	6	69.5	125.5
45	7	81.7	156.3
45	8	51.7	96.3
45	9	20.2	49.8
46	1	44.6	73.4
46	10	40.6	76.4
46	11	53.6	93.9
46	12	59.2	104.8
46	13	24.5	50.5
46	14	40.7	69.3
46	15	26.7	51.3
46	16	47.8	116.8
46	17	38	75
46	18	40.3	91.7
46	19	49.3	87.7
46	2	40.7	86.3
46	20	37.8	83.2
46	21	54.1	93.9
46	22	40.7	82.3
46	23	31.9	66.1
46	24	51.6	96.4
46	25	19	41
46	26	18.5	45.5
46	27	41.5	79.5
46	28	50	94
46	29	29.6	64.4
46	3	50.4	90.6
46	30	37.5	78.5
46	31	31.1	60.9
46	4	46.6	113.4
46	5	34.1	70.9
46	6	53.9	109.1
46	7	46.1	84.9
46	8	39.6	73.4
46	9	56.7	108.3
47	1	55.2	111.8
47	10	34.3	63.7
47	11	61.4	95.6
47	12	43.6	76.4
47	13	46.2	86.8
47	14	39.8	70.2
47	15	55.5	95.5
47	16	29.4	76.6
47	17	44.8	80.2
47	18	28	60
47	19	37.7	76.3
47	2	61.8	106.2
47	20	26.8	52.2
47	21	26.6	54.4
47	22	38.8	80.2
47	23	36.5	66.5
47	24	45.3	92.7
47	25	51.3	98.7
47	26	58.9	115.1
47	27	68.8	137.2
47	28	36.9	73.1
47	29	59.2	110.8
47	3	49.9	93.1
47	30	61.4	113.6
47	31	59.8	114.2
47	4	57	114
47	5	45.4	86.6
47	6	65.9	129.1
47	7	51.1	103.9
47	8	47.5	86.5
47	9	40.2	86.8
48	1	42.6	89.4
48	10	37	78
48	11	40	80
48	12	58.9	113.1
48	13	53.1	104.9
48	14	45.1	83.9
48	15	56.8	107.2
48	16	26.1	74.9
48	17	46.1	88.1
48	18	40.5	81.5
48	19	29.6	71.4
48	2	40.4	88.6
48	20	45.5	96.5
48	21	41.1	80.9
48	22	26.5	65.5
48	23	49.1	104.9
48	24	36.1	73.9
48	25	49.7	94.3
48	26	13.6	32.4
48	27	36.9	85.1
48	28	41.9	94.1
48	29	52.3	103.7
48	3	50	92
48	30	39.5	77.5
48	31	36.4	77.6
48	4	36	78
48	5	50.5	89.5
48	6	29.5	68.5
48	7	60.2	114.8
48	8	32.1	70.9
48	9	47.1	86.9
49	1	58.5	130.5
49	10	51.5	96.9
49	11	50	101
49	12	29.9	61.1
49	13	40.7	95.3
49	14	45.2	86.8
49	15	38	78
49	16	51.7	110.3
49	17	39	82
49	18	64.9	138.6
49	19	44.9	95.1
49	2	44.8	95.2
49	20	66.3	124.7
49	21	38.7	79.3
49	22	43.9	97.1
49	23	35.4	70.6
49	24	49.4	104.6
49	25	24	52
49	26	54.8	113.2
49	27	69.5	140.5
49	28	50.5	97.5
49	29	45.8	96.2
49	3	61.5	119.5
49	30	62.6	117.4
49	31	38	79
49	4	45.4	100.6
49	5	39.5	82.5
49	6	68.6	150.4
49	7	50.7	100.3
49	8	62.7	104.3
49	9	49.6	93.4
5	1	48	104
5	10	38.6	89.4
5	11	55.5	99.5
5	12	34.6	64.4
5	13	36.8	80.2
5	14	47.7	96.3
5	15	49	105
5	16	50	111
5	17	59.3	124.7
5	18	37.7	77.3
5	19	45.9	103.1
5	2	64.2	136.9
5	20	68.3	141.7
5	21	32.3	64.7
5	22	32.3	67.7
5	23	34.9	75.1
5	24	48.5	96.5
5	25	47.5	99.5
5	26	50	113
5	27	73	158
5	28	67.1	143.9
5	29	34	86
5	3	65	132
5	30	51.1	97.9
5	31	12.5	25.5
5	4	68.6	155.4
5	5	60.7	125.3
5	6	56.5	131.5
5	7	84.4	160.6
5	8	45.1	92.9
5	9	49	96
50	1	43.3	94.7
50	10	77.9	159.1
50	11	23.5	47.5
50	12	64.8	129.2
50	13	40.8	87.2
50	14	41.9	88.1
50	15	54.1	108.9
50	16	30.6	67.4
50	17	50.6	114.5
50	18	42	88
50	19	45.7	87.3
50	2	42.6	130.4
50	20	35	80
50	21	56.8	112.2
50	22	50.4	100.6
50	23	48.9	99.1
50	24	59.7	122.3
50	25	45.2	85.8
50	26	24.4	61.6
50	27	31.9	66.1
50	28	33.7	70.3
50	29	20.4	45.6
50	3	63.3	66.7
50	30	27.8	60.2
50	31	40.5	84.5
50	4	61.6	122.4
50	5	45.1	99.9
50	6	28	69
50	7	58.3	89.7
50	8	61.8	114.2
50	9	60.3	108.7
51	1	71.7	148.3
51	10	73.3	139.7
51	11	51.2	90.8
51	12	66.1	120.9
51	13	67.7	144.3
51	14	50.5	98.5
51	15	38.8	80.2
51	16	45.7	104.3
51	17	35	82
51	18	39.1	78.9
51	19	35.8	73.2
51	2	76.7	153.3
51	20	68.1	175.9
51	21	37.5	80.5
51	22	58	118
51	23	73.6	140.4
51	24	53.1	109.9
51	25	56.2	96.8
51	26	53.4	114.6
51	27	58.6	120.4
51	28	82.2	153.8
51	29	33.5	75.5
51	3	55.8	103.2
51	30	32.1	67.9
51	31	37	79
51	4	45.7	92.3
51	5	54.4	117.6
51	6	58	129
51	7	50.9	102.1
51	8	81.1	153.9
51	9	86.1	174.9
52	1	38.2	83.8
52	10	77.2	148.8
52	11	87.3	158.7
52	12	74.2	152.8
52	13	78.7	148.3
52	14	69.4	151.6
52	15	52.3	112.7
52	16	26.4	67.6
52	17	89.8	184.2
52	18	72.1	157.9
52	19	83.3	164.7
52	2	79.3	166.7
52	20	70.6	154.4
52	21	73.8	166.2
52	22	96	184.1
52	23	68.9	148.1
52	24	78.7	161.3
52	25	102.3	192.7
52	26	76.4	145.6
52	27	79.8	150.2
52	28	57.1	110.9
52	29	65.8	135.2
52	3	84.5	172.5
52	30	51.4	107.6
52	31	23	48
52	4	86.2	174.8
52	5	86.4	168.6
52	6	63.6	137.4
52	7	80	143
52	8	66.2	129.8
52	9	57.8	105.2
53	1	73.2	155.8
53	10	65.2	136.8
53	11	72.7	136.3
53	12	81.1	147.9
53	13	61.2	140.8
53	14	74.7	169.3
53	15	41.7	87.3
53	16	74.1	181.9
53	17	41	96
53	18	67.8	162.2
53	19	76.7	157.3
53	2	62.2	120.8
53	20	65	159
53	21	74.9	156.1
53	22	79.4	172.6
53	23	82.4	161.6
53	24	65.8	137.2
53	25	71.4	139.6
53	26	55.5	110.5
53	27	44.1	94.9
53	28	77.1	154.9
53	29	72.2	151.8
53	3	72	140
53	30	82.1	172.9
53	31	29.8	69.2
53	4	63.4	137.6
53	5	56.8	130.2
53	6	51.9	137.9
53	7	82.8	152.2
53	8	68.2	134.8
53	9	72.1	141.9
54	1	92.3	202.7
54	10	61.7	97.3
54	11	83.3	161.7
54	12	45.8	91.2
54	13	71.7	145.9
54	14	66.4	131.6
54	15	34.1	72.9
54	16	72.7	156.3
54	17	37.7	70.3
54	18	80.7	180.3
54	19	66.7	162.3
54	2	35.7	73.3
54	20	51.9	102.1
54	21	67.5	146.6
54	22	79.9	161.1
54	23	23	50
54	24	85.3	185.7
54	25	85.3	176.7
54	26	97.1	191.9
54	27	75.2	161.8
54	28	78.7	156.3
54	29	92.3	190.7
54	3	65.1	124.9
54	30	94.6	187.4
54	31	63.4	137.6
54	4	51.4	103.6
54	5	64.2	121.8
54	6	75.1	159.9
54	7	67.9	130.1
54	8	94.6	187.4
54	9	64.2	129.8
55	1	32.7	65.3
55	10	61.7	129.3
55	11	33.7	74.3
55	12	51.2	101.8
55	13	44.3	91.7
55	14	47.2	91.8
55	15	76.9	159.1
55	16	63	166
55	17	52.7	103.3
55	18	62.4	128.6
55	19	50	109
55	2	70.3	152.7
55	20	55.2	111.8
55	21	61.2	128.8
55	22	34.6	75.4
55	23	66.9	123.1
55	24	41	89
55	25	22.6	46.4
55	26	20.8	44.2
55	27	27.5	62.5
55	28	74.3	146.7
55	29	40.7	83.3
55	3	44.3	90.7
55	30	75.5	144.5
55	31	71.7	148.3
55	4	55.9	110.1
55	5	61.1	128.9
55	6	42.1	99.9
55	7	55.2	110.8
55	8	48.5	103.5
55	9	53.1	103.9
56	1	83.9	166.1
56	10	58.7	117.3
56	11	60.7	127.3
56	12	33.6	74.4
56	13	53.3	102.7
56	14	47	101
56	15	57.8	117.2
56	16	42.3	103.7
56	17	32.4	60.6
56	18	52.4	116.6
56	19	51.8	99.2
56	2	54.4	115.6
56	20	26.2	58.8
56	21	35.8	83.2
56	22	54.8	114.2
56	23	34.8	78.2
56	24	53.2	100.8
56	25	52.5	108.6
56	26	24.1	63.9
56	27	47.2	93.8
56	28	33.4	71.6
56	29	35.3	77.7
56	3	40.3	100.7
56	30	27.8	62.2
56	31	82.2	165.8
56	4	62.8	127.2
56	5	55.9	117.1
56	6	56.2	121.8
56	7	51.6	104.4
56	8	37.3	85.7
56	9	54.3	104.7
57	1	65.8	144.2
57	10	33.4	80.6
57	11	29.2	71.8
57	12	19.7	38.3
57	13	34	75
57	14	35.2	72.8
57	15	42.3	90.7
57	16	18.9	63.1
57	17	72.2	130.8
57	18	46.7	106.3
57	19	43.2	86.8
57	2	24.6	57.4
57	20	53.3	98.7
57	21	59.6	123.4
57	22	46.6	93.4
57	23	37	85
57	24	53.8	115.2
57	25	34.3	70.7
57	26	79.1	146.9
57	27	56.7	113.3
57	28	59.2	118.8
57	29	47.2	92.8
57	3	48.7	98.3
57	30	43.1	91.9
57	31	53.6	103.4
57	4	29.6	58.4
57	5	36.5	80.5
57	6	46.7	92.3
57	7	38.5	79.5
57	8	49.5	108.5
57	9	50.3	98.7
58	1	44.6	90.4
58	10	54.8	93.2
58	11	37	80
58	12	27.2	58.8
58	13	28.3	66.7
58	14	46.1	89.9
58	15	41.7	91.3
58	16	28.5	97.5
58	17	20.8	51.2
58	18	31.1	74.9
58	19	42.5	76.5
58	2	40.6	84.5
58	20	39.2	78.8
58	21	37	77
58	22	29.6	61.4
58	23	31.6	73.4
58	24	31.7	60.3
58	25	64.6	115.4
58	26	51.1	93.9
58	27	40.3	75.7
58	28	51.4	117.6
58	29	48.6	104.4
58	3	52.8	104.2
58	30	46.8	83.2
58	31	23.8	54.2
58	4	46.5	95.5
58	5	34.7	74.3
58	6	43.3	91.7
58	7	36.6	79.4
58	8	35	90
58	9	50.2	101.8
59	1	36	74
59	10	56.2	102.8
59	11	37.6	77.4
59	12	33.4	65.6
59	13	37.4	78.6
59	14	29	58
59	15	34.1	69.9
59	16	34	84
59	17	39	73
59	18	53.7	131.3
59	19	45	90
59	2	39.2	88.8
59	20	57.6	105.4
59	21	42.3	86.7
59	22	34.7	74.3
59	23	33.8	70.2
59	24	10.3	31.7
59	25	32.7	69.3
59	26	29.5	63.5
59	27	33.3	66.7
59	28	19.8	35.2
59	29	34.4	75.6
59	3	42.6	93.4
59	30	35.6	75.4
59	31	74.5	145.5
59	4	47.6	84.4
59	5	31.4	61.2
59	6	41.2	83.8
59	7	44.5	81.5
59	8	27.9	57.1
59	9	40.4	82.6
6	1	35.9	62.1
6	10	56	100
6	11	33.1	72.9
6	12	48.8	88.2
6	13	61.9	104.1
6	14	41.5	68.5
6	15	18.6	42.4
6	16	60.2	133.8
6	17	21	42
6	18	46.9	93.1
6	19	53	94
6	2	27.2	60.8
6	20	43.1	86.9
6	21	44.7	89.3
6	22	30.9	68.1
6	23	34.6	74.4
6	24	77.4	151.6
6	25	51.6	95.4
6	26	51.1	108.9
6	27	40	103
6	28	27.9	64.1
6	29	39.6	89.5
6	3	55.5	111.5
6	30	45.8	77
6	31	31.6	64
6	4	47.2	100.8
6	5	28.9	61.1
6	6	46.9	105.1
6	7	25.4	57.6
6	8	56.7	99.3
6	9	55.4	109.6
60	1	68.6	141.4
60	10	25.3	57.7
60	11	54.4	105.6
60	12	36.6	73.4
60	13	54.7	108.3
60	14	28.8	63.2
60	15	32.6	64.4
60	16	36.8	94.2
60	17	41.8	79.2
60	18	30	79
60	19	56.5	102.5
60	2	29.5	64.5
60	20	51.3	93.7
60	21	34.7	84.3
60	22	26.1	62.9
60	23	60	113
60	24	64.1	114.9
60	25	50.6	99.4
60	26	41	79
60	27	9	27
60	28	4.7	20.3
60	29	13.1	33.9
60	3	95.3	180.7
60	30	35.3	71.7
60	31	29.4	69.6
60	4	43	85
60	5	36.5	81.5
60	6	32	66
60	7	29.8	67.2
60	8	35.1	89.9
60	9	79.5	148.5
61	1	40.9	90.1
61	10	33.3	66.7
61	11	19.3	49.7
61	12	53.2	95.8
61	13	26.2	58.8
61	14	38.7	79.3
61	15	52.5	103.5
61	16	41.7	92.3
61	17	22.4	45.6
61	18	68.5	136.5
61	19	49.6	93.4
61	2	49.7	101.3
61	20	35.6	73.4
61	21	61.7	123.3
61	22	47.9	104.1
61	23	35.1	79.9
61	24	55.7	105.3
61	25	64.5	122.5
61	26	65.5	129.5
61	27	60.1	121.9
61	28	37.9	70.1
61	29	52.8	121.2
61	3	21.2	50.8
61	30	32.9	72.1
61	31	10	35
61	4	35.8	83.2
61	5	40.4	90.6
61	6	63.8	133.2
61	7	52.8	106.2
61	8	36.1	80.9
61	9	27.8	62.2
62	1	54.1	112.9
62	10	45.9	97.1
62	11	62.2	117.8
62	12	65.3	119.7
62	13	48	95
62	14	49.8	93.2
62	15	21.2	59.8
62	16	60.5	113.5
62	17	39.1	66.9
62	18	33.9	67.1
62	19	21.7	57.3
62	2	63.8	121.2
62	20	35.8	80.2
62	21	48.1	92.9
62	22	49.2	94.8
62	23	27	55
62	24	24.5	52.5
62	25	41	73
62	26	40.8	80.2
62	27	30	60
62	28	24.5	48.5
62	29	27.3	66.7
62	3	34.6	76.4
62	30	37.2	64.8
62	31	48.5	103.5
62	4	40.9	78.1
62	5	36.7	83.3
62	6	45.2	97.8
62	7	34.4	87.6
62	8	45.9	98.1
62	9	57.2	107.8
63	1	57.2	114.8
63	10	16.5	38.5
63	11	58.6	115.5
63	12	70.4	134.6
63	13	47.3	98.7
63	14	67.5	121.5
63	15	70.3	141.7
63	16	47.3	106.7
63	17	29.5	60.5
63	18	30.7	77.3
63	19	40	80
63	2	44.7	99.3
63	20	33.9	75.1
63	21	46.2	92.8
63	22	36.9	83.1
63	23	25.6	62.4
63	24	34.2	80.8
63	25	50.8	87.2
63	26	57.6	112.4
63	27	47	95
63	28	53.4	107.6
63	29	43.3	84.7
63	3	32.2	80.8
63	30	59.4	105.6
63	31	46.3	85.7
63	4	19.6	51.4
63	5	37.1	80.9
63	6	63.4	135.6
63	7	44.3	80.7
63	8	14.2	38.8
63	9	39.7	71.3
64	1	50.7	102.3
64	10	52.9	100.1
64	11	37.7	72.3
64	12	35.9	66.1
64	13	34.3	71.7
64	14	36.2	62.8
64	15	66.4	129.6
64	16	24.2	52.8
64	17	57	118
64	18	37.2	70.8
64	19	30	55
64	2	19.8	39.2
64	20	29.1	61.9
64	21	30.2	62.8
64	22	44.4	91.6
64	23	39.1	71.9
64	24	35.4	61.6
64	25	28.1	61.9
64	26	48.9	93.1
64	27	40	77
64	28	59.1	118.9
64	29	31.4	65.6
64	3	41.2	82.8
64	30	9	23
64	31	62.1	133.9
64	4	26.1	56.9
64	5	20.9	49.1
64	6	39.7	80.3
64	7	39.6	79.5
64	8	28.5	58.5
64	9	4	14
65	1	67.8	131.2
65	10	24.2	54.8
65	11	57.9	112.1
65	12	34	68
65	13	59.1	104.9
65	14	33.1	70.9
65	15	33	67
65	16	44.2	69.8
65	17	29.4	65.6
65	18	50.2	111.8
65	19	44.8	93.2
65	2	39.7	81.3
65	20	67.6	123.4
65	21	31.1	60.9
65	23	42.9	83.1
65	24	58.8	113.2
65	25	61.3	110.7
65	26	52.8	110.2
65	27	63.4	110.6
65	28	43.6	86.4
65	29	28.5	67.5
65	3	42.9	88.1
65	30	34	65
65	31	33.6	71.4
65	4	35.1	69.9
65	5	34.6	87.4
65	6	44.9	97.1
65	7	20	55
65	8	23.2	60.8
65	9	54	96
66	1	40.5	116.5
66	10	53.4	96.6
66	11	22.5	53.5
66	12	39.7	70.3
66	13	35.9	73.1
66	14	35.4	67.6
66	15	36	84
66	16	68	151
66	17	52.6	113.4
66	18	46.2	92.8
66	19	37.3	72.7
66	2	57.5	125.5
66	20	55.9	123.1
66	21	68.6	123.4
66	22	47	96
66	23	70	128
66	24	46	93
66	25	25.1	47.9
66	26	35.5	75.5
66	27	44	87
66	28	50.6	111.4
66	29	22.3	65.7
66	3	48.7	100.3
66	30	47.2	92.8
66	31	33.3	59.7
66	4	58.6	105.5
66	5	60.9	95.1
66	6	47.4	99.6
66	7	42.6	89.4
66	8	67.8	119.2
66	9	42.4	84.6
67	1	47.3	87.7
67	10	3.8	20.2
67	11	63.3	116.7
67	12	95	163
67	13	68.2	118.8
67	14	91	162
67	15	31	70
67	16	57.8	112.2
67	17	48.7	97.3
67	18	60.6	120.4
67	19	36.3	76.7
67	2	54.2	114.8
67	20	46.7	90.3
67	21	74	131
67	22	44.7	93.3
67	23	72.5	129.5
67	24	74	137
67	25	50.9	101.1
67	26	87.1	162.9
67	27	40	83
67	28	69	134
67	29	56	113
67	3	42.6	94.4
67	30	63.1	118.9
67	31	24.7	53.3
67	4	45.1	91.9
67	5	34.8	88.2
67	6	36.9	91.1
67	7	43.8	96.2
67	8	44.1	92.9
67	9	39	70
68	1	51.5	98.5
68	10	64.2	118.8
68	11	15.9	35.1
68	12	38.3	72.7
68	13	57.5	114.5
68	14	76.9	135.1
68	15	71.4	140.6
68	16	58.5	141.5
68	17	37.8	76.2
68	18	25.6	70.4
68	19	23.5	51.5
68	2	62.1	120.9
68	20	30.5	62.5
68	21	52.6	114.4
68	22	61.4	130.6
68	23	67.2	106.8
68	24	48.1	96.9
68	25	54	103
68	26	57	113
68	27	22.7	55.3
68	28	77.9	152.1
68	29	65.9	124.1
68	3	37.9	79.1
68	30	117.5	228.5
68	31	51.7	103.3
68	4	30.6	92.4
68	5	32.2	80.8
68	6	31.1	76.9
68	7	50	98
68	8	42.6	87.4
68	9	27.7	54.3
69	1	44.3	97.7
69	10	41.4	75.6
69	11	40.4	76.6
69	12	19.4	49.6
69	13	25.4	55.6
69	14	42.4	89.6
69	15	37.4	74.6
69	16	49.6	113.5
69	17	60.2	115.8
69	18	62.7	112.3
69	19	65.4	114.6
69	2	34.2	70.8
69	20	61.7	122.3
69	21	49.9	104.1
69	22	53.7	107.3
69	23	28.2	58.8
69	24	69	128
69	25	63.1	107.9
69	26	43.8	90.2
69	27	42.8	84.2
69	28	62.9	118.1
69	29	45.6	79.4
69	3	38.7	85.3
69	30	58.7	109.3
69	31	48.7	98.3
69	4	26.3	60.7
69	5	37.6	81.4
69	6	39.4	95.6
69	7	37.3	85.7
69	8	56.6	105.4
69	9	62.1	103.9
7	1	49.7	102.3
7	10	31.6	80.4
7	11	47.1	95.9
7	12	43.2	72.8
7	13	47.2	86.8
7	14	51.5	88.5
7	15	43.2	76.8
7	16	30.2	67.8
7	17	31.1	78.9
7	18	21.4	46.6
7	19	24.5	56.6
7	2	39.4	79.6
7	20	48.4	95.6
7	21	35.6	60.4
7	22	50.8	121.2
7	23	39	76
7	24	27	58
7	25	20.8	50.2
7	26	15.1	33.9
7	27	21.3	52.7
7	28	38.4	84.6
7	29	42	89
7	3	42.4	78.6
7	30	24.6	44.4
7	31	55.4	114.6
7	4	37.7	81.3
7	5	33.8	84.2
7	6	40.4	94.6
7	7	71.4	139.6
7	8	58.2	94.8
7	9	51.8	101.2
70	1	54.2	111.8
70	10	29.8	64.2
70	11	30	63
70	12	26.3	58.7
70	13	57.6	104.4
70	14	47.6	85.4
70	15	39.6	92.4
70	16	60.2	150.8
70	17	51.6	105.4
70	18	55.5	117.6
70	19	46.1	91.9
70	2	23.8	54.2
70	20	20	45
70	21	49.2	91.8
70	22	54.9	115.1
70	23	46.2	87.8
70	24	32.4	73.6
70	25	53.9	99.1
70	26	49.3	90.7
70	27	49.7	89.3
70	28	31.5	69.5
70	29	36.3	73.7
70	3	62.8	123.6
70	30	38	70
70	31	36.4	77.6
70	4	39.2	91.8
70	5	35.6	69.8
70	6	10.6	28.4
70	7	21.1	57.9
70	8	31.1	70.9
70	9	32.5	79.5
71	1	62.5	133.5
71	10	49.8	96.2
71	11	37.2	65.8
71	12	23.6	42.4
71	13	40.9	89.1
71	14	56.3	99.7
71	15	50.4	99.6
71	16	61.8	119.2
71	17	45.5	107.5
71	18	28.8	59.2
71	19	40.9	72.1
71	2	32	73
71	20	44.9	96.1
71	21	31.4	68.6
71	22	42.8	83.2
71	23	68.3	124.7
71	24	28.9	62.1
71	25	25.4	50.6
71	26	30.4	58.6
71	27	30.5	58.5
71	28	49.1	91.1
71	29	35.7	71.3
71	3	25.4	58.6
71	30	36.3	73.7
71	31	51.3	101.7
71	4	45.7	79.3
71	5	67.4	133.6
71	6	30.6	71.4
71	7	51.2	99.8
71	8	32.5	74.5
71	9	30.6	63.4
72	1	78.1	157.9
72	10	34.6	67.5
72	11	42.8	75.2
72	12	48.6	77.5
72	13	36.4	64.6
72	14	39.6	80.4
72	15	59.2	103.8
72	16	56	128
72	17	20.8	47.2
72	18	73.2	144.8
72	19	41.7	78.3
72	2	43.6	86.4
72	20	47.5	94.5
72	21	25.1	61.9
72	22	58.8	120.2
72	23	35.9	78.1
72	24	64.9	135.1
72	25	73.6	136.4
72	26	71	142
72	27	19.8	39.2
72	28	78.7	163.3
72	29	60.9	113.1
72	3	46.7	91.3
72	30	100.4	179.6
72	31	32.1	74.9
72	4	60	113
72	5	43.4	88.7
72	6	32.8	71.2
72	7	49.4	93.6
72	8	40.8	86.2
72	9	56.2	107.8
73	1	40	85
73	10	39.1	81.9
73	11	62.7	112.3
73	12	31.5	61.5
73	13	54.3	105.7
73	14	63.5	115.5
73	15	49.1	92.9
73	16	36.5	76.5
73	17	28	55
73	18	27.8	52.2
73	19	32.3	70.7
73	2	47	103
73	20	36.1	68.9
73	21	27.8	67.2
73	22	31.3	69.7
73	23	27.8	62.2
73	24	65.7	141.3
73	25	31.2	60.8
73	26	24.8	55.2
73	27	57.4	108.6
73	28	30.5	74.5
73	29	24.4	58.6
73	3	21.8	46.2
73	30	38.4	73.6
73	31	24.8	58.6
73	4	35.1	69.9
73	5	47.6	99.4
73	6	61.3	105.7
73	7	44.9	88.1
73	8	20.6	50.4
73	9	35.8	77.2
74	1	30	73
74	10	58.5	111.5
74	11	60.3	111.7
74	12	28.9	50.1
74	13	15.9	44.1
74	14	22.5	51.5
74	15	35.1	83.9
74	16	54.7	126.3
74	17	37.1	89.9
74	18	50.4	97.6
74	19	48.3	89.7
74	2	37.5	75.5
74	20	42.5	79.5
74	21	45.5	89.5
74	22	32.7	75.3
74	23	56.3	100.7
74	24	48.9	91.1
74	25	65.2	131.8
74	26	50.8	96.2
74	27	25.8	49.2
74	28	42.5	89.5
74	29	38.9	78.1
74	3	52.9	101.1
74	30	57.7	104.3
74	31	43	90
74	4	44.7	95.3
74	5	32.4	71.6
74	6	23.3	48.7
74	7	37.6	69.4
74	8	39.6	85.4
74	9	40.9	77.1
75	1	55.4	118.6
75	10	46.5	82.5
75	11	55.5	110.5
75	12	60.3	95.7
75	13	78.9	152.1
75	14	66.5	127.5
75	15	24.3	73.9
75	16	41.9	96.1
75	17	51.9	89.1
75	18	48.5	93.5
75	19	61.8	110.2
75	2	51.3	97.7
75	20	34.6	64.4
75	21	45.4	90.6
75	22	60.4	119.6
75	23	20	56
75	24	30.7	68.3
75	25	20	42
75	26	58	104
75	27	37	77
75	28	45.5	104.6
75	29	61.7	108.3
75	3	30.5	68.5
75	30	70.7	120.3
75	31	78.6	157.4
75	4	23	48
75	5	31.4	70.6
75	6	24	59
75	7	40.9	77.1
75	8	57.4	121.6
75	9	43.8	93.2
76	1	38.8	82.2
76	10	65.2	132.8
76	11	48.3	84.7
76	12	39.6	72.4
76	13	47.6	113.4
76	14	42.3	86.7
76	15	51.8	105.2
76	16	43.5	99.5
76	17	44.6	95.4
76	18	60.1	116.9
76	19	47.1	88.9
76	2	49	90
76	20	31.1	58.9
76	21	40.9	84.1
76	22	25.8	60.2
76	23	44.6	88.4
76	24	24.2	53.8
76	25	33.2	75.8
76	26	35.6	72.4
76	27	35	83
76	28	20.5	52.5
76	29	38.9	83.1
76	3	28.8	68.2
76	30	69.3	123.7
76	31	53.4	118.6
76	4	20	54
76	5	23	54
76	6	73.1	133.9
76	7	53.1	101.9
76	8	41.8	83.2
76	9	65.5	113.5
77	1	38.9	76.1
77	10	55.2	105.8
77	11	43.6	78.5
77	12	72.1	126.9
77	13	36.6	72.4
77	14	60	133
77	15	84.5	174.5
77	16	40.6	83.5
77	17	65.6	114.4
77	18	62.7	109.3
77	19	46.5	91.5
77	2	62.6	125.4
77	20	31.2	67.8
77	21	47	93
77	22	63.7	127.3
77	23	81.8	157.2
77	24	55.1	116.9
77	25	37.4	71.6
77	26	43.5	83.5
77	27	15.8	42.2
77	28	41.7	86.3
77	29	25.8	55.2
77	3	46.6	97.4
77	30	79.8	147.2
77	31	81	176
77	4	66.8	132.2
77	5	17.6	44.4
77	6	45.7	94.3
77	7	78.3	154.7
77	8	62.2	131.8
77	9	61	110
78	1	31	72
78	10	62.2	123.8
78	11	74.9	123.1
78	12	64.5	111.5
78	13	66	124
78	14	68	143
78	15	49.2	102.8
78	16	84.7	173.3
78	17	35.3	79.7
78	18	82	157
78	19	65.5	125.5
78	2	43	93
78	20	49.8	94.2
78	21	86.1	157.9
78	22	61	143
78	23	63.7	118.3
78	24	34.6	77.4
78	25	70.5	135.5
78	26	64.4	135.6
78	27	40.1	79.9
78	28	63.3	123.7
78	29	63.4	123.6
78	3	67.4	136.6
78	30	70.5	138.5
78	31	55.9	119.1
78	4	45.7	92.3
78	5	46.7	106.3
78	6	56.6	113.4
78	7	48.7	107.3
78	8	43	90
78	9	72.8	137.2
79	1	55.7	109.3
79	10	40.5	92.5
79	11	57.6	103.5
79	12	61.6	112.9
79	13	41.4	83.6
79	14	49.2	114.8
79	15	68	142
79	16	46.9	110.1
79	17	61	129
79	18	77.3	140.7
79	19	41.3	83.7
79	2	17	38
79	20	47.4	86.6
79	21	46.5	90.5
79	22	69.3	132.7
79	23	45.2	90.8
79	24	71.4	143.6
79	25	73.2	157.8
79	26	72	147
79	27	52.2	114.8
79	28	58.8	117.2
79	29	43.7	80.3
79	3	36.1	83.9
79	30	66.6	133.4
79	31	56.1	111.9
79	4	35.1	83.9
79	5	42.7	91.3
79	6	42.2	92.8
79	7	40	83
79	8	37.1	100.9
79	9	31.6	63.4
8	1	45.6	108.4
8	10	56.9	110.1
8	11	14	39
8	12	45.7	93.3
8	13	58.3	115.7
8	14	31.4	63.3
8	15	32.6	71.4
8	16	29.5	75.5
8	17	54.4	121.6
8	18	45.6	92.4
8	19	38.1	82.9
8	2	78.4	141.6
8	20	35.6	71.4
8	21	52.5	86.5
8	22	27.8	67.2
8	23	66.1	120.9
8	24	38.3	84.7
8	25	57.8	127.2
8	26	62.6	125.4
8	27	55.4	121.6
8	28	39.8	88.2
8	29	45.8	101.2
8	3	43.6	85.4
8	30	48.8	90.2
8	31	22.2	47.8
8	4	62.7	134.3
8	5	58.9	120.1
8	6	60	121
8	7	41	88
8	8	34.9	81.1
8	9	19	54
80	1	30.8	75.2
80	10	48.5	105.6
80	11	43.1	79.9
80	12	37.5	71.5
80	13	51.3	101.7
80	14	87.1	181.9
80	15	36.7	80.3
80	16	51.6	103.4
80	17	33.1	74.9
80	18	47.3	90.7
80	19	39.7	72.3
80	2	43.7	102.3
80	20	45.7	84.3
80	21	46.4	90.6
80	22	53.6	113.4
80	23	61.3	112.7
80	24	55.1	108.9
80	25	60.3	87.7
80	26	44.3	94.7
80	27	69.3	129.7
80	28	49.3	112.7
80	29	63.8	122.2
80	3	40.2	82.8
80	30	48.7	92.3
80	31	70	129
80	4	44.7	91.3
80	5	44	90
80	6	31.5	71.5
80	7	35.2	89.8
80	8	28	62
80	9	56	84
81	1	40	74
81	10	26.3	65.7
81	11	46.2	95.8
81	12	34.2	66.8
81	13	49.4	103.6
81	14	45.6	109.4
81	15	64.2	124.8
81	16	59.5	145.5
81	17	40.9	90.1
81	18	34.5	71.5
81	19	39.1	79.9
81	2	76.7	148.3
81	20	28.3	58.7
81	21	63.9	118.1
81	22	48.4	92.6
81	23	39.2	82.8
81	24	39.6	83.4
81	25	33.8	57.2
81	26	38	77
81	27	41	85
81	28	66.6	128.4
81	29	74	136
81	3	57.4	122.6
81	30	75.2	140.8
81	31	36.6	76.4
81	4	37.5	89.5
81	5	62.4	115.6
81	6	53.2	114.8
81	7	42.6	84.4
81	8	42.8	106.2
81	9	40.8	81.2
82	1	44.5	96.5
82	10	37.5	102.5
82	11	28.1	59.5
82	12	39.6	81.4
82	13	31.3	79.7
82	14	53.1	174.9
82	15	40	92.4
82	16	43.6	57.2
82	17	33.2	77.8
82	18	87.4	116.6
82	19	25.1	52.9
82	2	27.1	54.9
82	20	20	43
82	21	59.6	106.4
82	22	22.5	55.5
82	23	77.9	142.1
82	24	41.1	85.9
82	25	41.1	80.9
82	26	23.6	47.4
82	27	30.3	58.7
82	28	36.6	72.4
82	29	22.3	53.7
82	3	24.7	60.3
82	30	65.5	132.5
82	31	58.1	115.9
82	4	38.2	82.8
82	5	20	48
82	6	82.5	166.5
82	7	59.8	114.2
82	8	36.4	73.6
82	9	35.5	74.5
83	1	40.1	91.9
83	10	59.5	125.2
83	11	73.1	123.9
83	12	44.2	82.8
83	13	61.4	125.6
83	14	60.1	143.9
83	15	42.3	79.7
83	16	53.6	126.4
83	17	43.4	116.6
83	18	42.4	94.6
83	19	54.4	85.6
83	2	23.3	45.7
83	20	46.9	86.1
83	21	41.1	80.9
83	22	33.7	77.3
83	23	72.6	143.4
83	24	40.1	82.9
83	25	31.9	67.1
83	26	73.6	116.4
83	27	29	53
83	28	63.1	130.9
83	29	64.7	122.3
83	3	64.6	134.4
83	30	59.8	119.2
83	31	50	108
83	4	52.2	117.8
83	5	41.3	92.7
83	6	48.8	107.2
83	7	68.9	129.1
83	8	51.1	107.9
83	9	57.2	101.8
84	1	33.2	81.8
84	10	34.3	81.7
84	11	48.1	85.9
84	12	28.7	57.3
84	13	54.1	85.9
84	14	67.9	148.1
84	15	51.3	95.7
84	16	48	112
84	17	63.1	106.9
84	18	40.5	93.5
84	19	54.2	110.8
84	2	17.4	46.6
84	20	45.2	87.8
84	21	67.8	127.2
84	22	68.6	138.6
84	23	52.2	99.8
84	24	87.7	171.3
84	25	77.1	147.9
84	26	40.8	87.2
84	27	68.7	121.3
84	28	60.9	122.1
84	29	59	102
84	3	35.8	88.2
84	30	49.6	93.4
84	31	56.7	112.3
84	4	35.6	76.4
84	5	41.5	101.5
84	6	47.7	107.3
84	7	32.9	73.1
84	8	34.2	69.8
84	9	29.4	65.6
85	1	31.2	76.8
85	10	19.6	41.4
85	11	38	79
85	12	81.1	120.9
85	13	18.2	41.8
85	14	40	84
85	15	49.5	89.5
85	16	59.8	130.2
85	17	66.7	129.3
85	18	52.6	112.4
85	19	33.2	66.8
85	2	31.3	78.7
85	20	47.8	91.2
85	21	18.8	49.2
85	22	45.1	86.9
85	23	51	88
85	24	56.3	113.7
85	25	84.8	156.2
85	26	59.5	115.5
85	27	39	81
85	28	50.6	99.4
85	29	53.1	98.9
85	3	20	50
85	30	27.8	60.2
85	31	82.6	166.4
85	4	47	90
85	5	56	106
85	6	61.4	122.6
85	7	55.1	101.9
85	8	50.4	102.6
85	9	59.6	85.4
86	1	32.1	66.9
86	10	22.4	58.6
86	11	49.2	82.8
86	12	21.6	38.9
86	13	65.7	121.3
86	14	67	130
86	15	24.1	57.9
86	16	56.8	151.2
86	17	49.4	90.6
86	18	39.8	89.2
86	19	56.4	118.6
86	2	42	80
86	20	16.9	43.1
86	21	51.4	96.6
86	22	64.7	125.3
86	23	41.7	78.3
86	24	46.9	87.1
86	25	28.8	63.2
86	26	59.6	118.4
86	27	57	112
86	28	63.7	125.3
86	29	56.8	109.2
86	3	47.5	114.5
86	30	50	87
86	31	56.1	113.9
86	4	21.2	42.8
86	5	41.4	90.6
86	6	42.5	89.5
86	7	29.7	59.3
86	8	21.9	49.1
86	9	31.7	69.3
87	1	41.2	90.8
87	10	41.6	81.5
87	11	34.9	64.1
87	12	37	57
87	13	20.3	46.7
87	14	32.1	69.9
87	15	84	164
87	16	38.1	86.9
87	17	37.8	73.2
87	18	37.1	77.9
87	19	30.6	72.4
87	2	42.6	90.4
87	20	26.7	64.3
87	21	31	64
87	22	47.1	90.1
87	23	64.1	122.9
87	24	35.7	67.3
87	25	35.2	69.8
87	26	26.5	65.5
87	27	59.1	120.9
87	28	20.4	45.6
87	29	42.4	79.6
87	3	43.1	95.9
87	30	21	122
87	31	34	70
87	4	68.8	123.2
87	5	53.5	101.5
87	6	73.2	146.8
87	7	67.3	128.8
87	8	43.4	82.6
87	9	60.1	115.1
88	1	56.5	113.5
88	10	50	106
88	11	28.1	59.8
88	12	38.6	68.4
88	13	37.5	73.5
88	14	35.6	72.4
88	15	53.9	74.1
88	16	32.9	84.1
88	17	45.1	82.9
88	18	82.6	160.4
88	19	30	63
88	2	71.6	137.4
88	20	32.9	70.1
88	21	26.3	60.7
88	22	35.1	81.9
88	23	30.4	67.6
88	24	57.9	111.1
88	25	63.5	115.5
88	26	33.5	75.5
88	27	33.6	67.4
88	28	93.5	183.5
88	29	90.9	166.1
88	3	67.4	124.6
88	30	62.5	118.5
88	31	26.1	55.9
88	4	32.8	67.2
88	5	65.4	140.6
88	6	50.8	99.2
88	7	45.1	89.9
88	8	26	62
88	9	46.5	86.5
89	1	45.7	94.3
89	10	48.8	99.2
89	11	48.6	83.4
89	12	37.1	70.9
89	13	32.7	68.3
89	14	48.5	96.5
89	15	72.1	140.9
89	16	40.7	103.3
89	17	51.7	92.3
89	18	26.5	63.5
89	19	28	60
89	2	62.9	114.1
89	20	36	73
89	21	28.1	79.9
89	22	58.8	88.2
89	23	38.4	75.6
89	24	26.8	59.2
89	25	35.3	73.7
89	26	23.8	61.5
89	27	54.1	114.9
89	28	38.3	80.7
89	29	32.5	65.5
89	3	30.2	73.8
89	30	68.1	126.9
89	31	49.2	109.8
89	4	32.7	70.3
89	5	49.1	103.9
89	6	36.7	78.3
89	7	33.9	71.1
89	8	39.2	77.8
89	9	50.7	93.3
9	1	24.6	51.4
9	10	70.8	139.2
9	11	56.6	127.4
9	12	28	57
9	13	37	86
9	14	41.7	84.3
9	15	32.7	73.5
9	16	48.6	117.4
9	17	39.1	88.9
9	18	39.1	84.9
9	19	35.8	77.7
9	2	84.5	127.5
9	20	48.8	93.2
9	21	37.5	76.5
9	22	38.9	84.1
9	23	21.3	53.7
9	24	23.5	61.5
9	25	41.8	86.2
9	26	42.7	98.3
9	27	16.7	51.3
9	28	42.7	93.3
9	29	29.5	78.5
9	3	49.6	101.4
9	30	33	67
9	31	53.3	103.7
9	4	27.2	70.8
9	5	33.9	79.1
9	6	51	118
9	7	34.7	86.3
9	8	16.3	56.7
9	9	35.9	83.1
90	1	19.4	55.6
90	10	41.5	94.5
90	11	52.2	91.8
90	12	32.8	57.2
90	13	38.7	74.3
90	14	32.2	66.8
90	15	49.2	107.8
90	16	34.1	74.9
90	17	54.1	94.9
90	18	32.2	69.8
90	19	39.2	82.7
90	2	28.7	61.3
90	20	18.1	40.9
90	21	30	65
90	22	32.5	67.5
90	23	42.5	81.5
90	24	47.7	92.3
90	25	46	93
90	26	45.4	93.6
90	27	49.7	100.3
90	28	13.8	35.2
90	29	27.5	56.5
90	3	39.2	92.8
90	30	66	125
90	31	43.8	100.2
90	4	38	90
90	5	25.3	57.7
90	6	45.1	93.9
90	7	40	79
90	8	42.3	84.7
90	9	39.5	90.5
91	1	58.2	117.8
91	10	63.2	118.8
91	11	34.8	76.2
91	12	45	90
91	13	36.1	82.9
91	14	36.9	96.1
91	15	33.5	72.5
91	16	34.8	69.2
91	17	48.4	91.6
91	18	53.2	110.8
91	19	49.7	101.3
91	2	34.9	79.1
91	20	41.8	83.2
91	21	52.7	111.3
91	22	50.6	102.4
91	23	55	102
91	24	60.2	116.8
91	25	31.2	70.8
91	26	45.2	88.8
91	27	27.8	49.2
91	28	58.7	115.3
91	29	60.8	123.2
91	3	41.8	82.2
91	30	55.3	97.7
91	31	58.4	130.6
91	4	44.8	90.2
91	5	36.3	76.7
91	6	45.1	89.9
91	7	41.9	83.1
91	8	42.1	75.9
91	9	63.5	120.5
92	1	55.1	105.9
92	10	58.5	122.5
92	11	49.2	85.8
92	12	52	88
92	13	17	42
92	14	14.4	41.6
92	15	33.4	60.6
92	16	62	145
92	17	47.3	91.7
92	18	39.3	79.7
92	19	70.8	127.2
92	2	75.7	139.3
92	20	41	83
92	21	55.8	111.2
92	22	40.7	78.3
92	23	25.6	53.4
92	24	56.7	119.1
92	25	39.5	79.5
92	26	38.2	79.8
92	27	56.9	112.1
92	28	26.7	67.3
92	29	31.2	62.8
92	3	40.7	98.3
92	30	45.6	92.4
92	31	48.1	95.9
92	4	43.2	88.8
92	5	62.2	126.8
92	6	68.3	139.7
92	7	95.8	151.2
92	8	61.1	107.9
92	9	59.2	105.8
93	1	61.4	116.6
93	10	42.8	94.2
93	11	40	79
93	12	43.1	83.9
93	13	45.8	92.2
93	14	47.2	86.8
93	15	60.5	104.5
93	16	35.5	77.5
93	17	26.1	60.9
93	18	57.1	117.9
93	19	37.3	70.7
93	2	26.6	57.4
93	20	30.3	64
93	21	28.2	60.8
93	22	56.6	109.4
93	23	40.5	71.5
93	24	50.4	98.6
93	25	39.1	88.9
93	26	14.7	37.3
93	27	39.6	78.4
93	28	9.2	35.8
93	29	16.3	77.7
93	3	49.9	102.1
93	30	18.8	51.2
93	31	41.2	96.8
93	4	48	91
93	5	45.4	102.6
93	6	45	97
93	7	37	76
93	8	39	80
93	9	71.1	116.9
94	1	49	105
94	10	41.7	85.3
94	11	52.2	96.8
94	12	58.8	99.2
94	13	49.6	100.4
94	14	50.1	101.9
94	15	53.1	103.9
94	16	47.4	117.6
94	17	27.5	73.5
94	18	38.4	87.6
94	19	52.8	129.2
94	2	56.2	108.8
94	20	61.1	113.9
94	21	43.9	91.9
94	22	34.8	68.2
94	23	20.2	49.8
94	24	52.5	108.5
94	25	69	129
94	26	77.9	144.1
94	27	57.1	116.9
94	28	42.2	88.6
94	29	41.6	92.4
94	3	37.8	90.2
94	30	22.1	48.9
94	31	25.2	56.8
94	4	64.6	120.4
94	5	48	94
94	6	60.7	110.3
94	7	57.1	111.9
94	8	55.4	106.6
94	9	58.8	104.2
95	1	35.7	90.3
95	10	41.6	100.4
95	11	55	113
95	12	46.3	93.7
95	13	37.7	75.3
95	14	32.6	70.4
95	15	49	90
95	16	35.2	77.8
95	17	47.7	97.3
95	18	30.8	69.2
95	19	40.7	76.3
95	2	34.4	85.6
95	20	33.9	62.1
95	21	29.5	58.5
95	22	18.7	47.3
95	23	26.8	69.2
95	24	19.5	42.5
95	25	33.1	65.9
95	26	43.2	98.8
95	27	41.4	83.6
95	28	82.5	157.5
95	29	59.7	118.3
95	3	47.1	98.9
95	30	54.9	139.1
95	31	66.9	133.1
95	4	58	113
95	5	46.6	103.4
95	6	49	98
95	7	29.7	68.3
95	8	34.1	73.9
95	9	27.5	55.5
96	1	37.8	76.2
96	10	13.3	41.7
96	11	68.1	132.9
96	12	38.6	75.4
96	13	41	88
96	14	31.5	66.4
96	15	36.1	74.9
96	16	13.3	36.7
96	17	50.6	104.5
96	18	46.4	80.6
96	19	35.3	65.7
96	2	20.5	45.5
96	20	31.4	65.6
96	21	45.2	84.8
96	22	35	72
96	23	28.1	67.9
96	24	47.7	93.3
96	25	21.2	51.8
96	26	18.6	55.4
96	27	51.6	102.6
96	28	46.4	90.6
96	29	43.5	81.5
96	3	35.7	76.3
96	30	55	105
96	31	57.8	111.2
96	4	39.2	70.8
96	5	16.6	72.4
96	6	24.1	58.9
96	7	29.6	58.4
96	8	30.5	59.5
96	9	51.6	91.4
97	1	30.8	74.2
97	10	44.3	103.7
97	11	36.4	72.6
97	12	25.5	48.5
97	13	25.6	48.4
97	14	50.1	101.9
97	15	64.8	146.2
97	16	51.3	122.7
97	17	58.7	112.5
97	18	17.1	47.9
97	19	42.8	89.2
97	2	33.3	75.7
97	20	17.1	29.9
97	21	43.3	81.7
97	22	34.1	70.9
97	23	48.3	94.7
97	24	45.6	90.4
97	25	32.3	63.7
97	26	33.2	67.9
97	27	41.3	78.7
97	28	33.5	81.5
97	29	56.4	108.6
97	3	32.1	68.9
97	30	51.8	95.2
97	31	50.9	98.1
97	4	40	81
97	5	91.8	180.2
97	6	60	123
97	7	64.8	124.2
97	8	63.7	125.3
97	9	43	85
98	10	71.6	148.4
98	11	68.8	118.2
98	12	73.1	123.9
98	13	67.6	129.4
98	14	43.4	84.6
98	15	28.5	68.5
98	16	25.2	65.8
98	17	86.1	165.9
98	18	73.9	153.1
98	19	43.4	82.6
98	2	65.1	131.9
98	20	79	148
98	21	58.6	104.4
98	22	54.7	113.3
98	23	72.7	123.3
98	24	43	93
98	25	29.3	67.7
98	26	56.2	99.8
98	27	35.9	78.1
98	28	49.8	102.2
98	29	56.2	108.8
98	3	60	90
98	30	32.4	71.6
98	31	36	76.6
98	4	65.4	114.6
98	5	51.4	106.6
98	6	49.9	68.1
98	7	42.2	81.8
98	8	40	88
98	9	51.8	93.2
99	1	32.2	67.8
99	10	62.5	127.5
99	11	41.8	73.2
99	12	39.2	74.8
99	13	37	72
99	14	34.6	89.4
99	15	51.8	101.2
99	16	71.5	153.5
99	17	53.1	103.9
99	18	94.3	199.7
99	19	49.5	93.5
99	2	51.7	108.3
99	20	50.4	94.6
99	21	39.6	68.5
99	22	69.1	118.9
99	23	50.4	92.6
99	24	54.2	71.8
99	25	42.2	88.8
99	26	46	102
99	27	39.3	79.7
99	28	61.9	118.1
99	29	38.2	72.8
99	3	41.2	83.8
99	30	45.1	97.9
99	31	32.7	72.3
99	4	58.7	111.3
99	5	57.3	110.7
99	6	54.1	111.9
99	7	46.7	83.3
99	8	77.4	148.6
99	9	59.8	106.2
