"row"	"col"	"plot"	"year"	"crop"	"yield"
1	1	1	1923	"oats"	1923
1	2	51	1923	"oats"	2066
1	3	101	1923	"oats"	1943
1	4	151	1923	"oats"	2142
1	5	201	1923	"oats"	1923
1	6	251	1923	"oats"	1964
10	1	10	1923	"oats"	2040
10	2	60	1923	"oats"	2132
10	3	110	1923	"oats"	2060
10	4	160	1923	"oats"	1907
10	5	210	1923	"oats"	2193
10	6	260	1923	"oats"	2244
11	1	11	1923	"oats"	1550
11	2	61	1923	"oats"	1816
11	3	111	1923	"oats"	2162
11	4	161	1923	"oats"	1709
11	5	211	1923	"oats"	1811
11	6	261	1923	"oats"	3407
12	1	12	1923	"oats"	1775
12	2	62	1923	"oats"	1805
12	3	112	1923	"oats"	1821
12	4	162	1923	"oats"	1775
12	5	212	1923	"oats"	1948
12	6	262	1923	"oats"	4534
13	1	13	1923	"oats"	1892
13	2	63	1923	"oats"	1760
13	3	113	1923	"oats"	1627
13	4	163	1923	"oats"	1734
13	5	213	1923	"oats"	1867
13	6	263	1923	"oats"	4539
14	1	14	1923	"oats"	1841
14	2	64	1923	"oats"	1913
14	3	114	1923	"oats"	1642
14	4	164	1923	"oats"	1719
14	5	214	1923	"oats"	1867
14	6	264	1923	"oats"	2984
15	1	15	1923	"oats"	2122
15	2	65	1923	"oats"	1882
15	3	115	1923	"oats"	1438
15	4	165	1923	"oats"	1637
15	5	215	1923	"oats"	1760
15	6	265	1923	"oats"	2040
16	1	16	1923	"oats"	2020
16	2	66	1923	"oats"	2183
16	3	116	1923	"oats"	1663
16	4	166	1923	"oats"	1775
16	5	216	1923	"oats"	1724
16	6	266	1923	"oats"	1907
17	1	17	1923	"oats"	1892
17	2	67	1923	"oats"	1698
17	3	117	1923	"oats"	1403
17	4	167	1923	"oats"	1800
17	5	217	1923	"oats"	1821
17	6	267	1923	"oats"	1795
18	1	18	1923	"oats"	1601
18	2	68	1923	"oats"	1693
18	3	118	1923	"oats"	1714
18	4	168	1923	"oats"	1464
18	5	218	1923	"oats"	1652
18	6	268	1923	"oats"	1739
19	1	19	1923	"oats"	1637
19	2	69	1923	"oats"	1795
19	3	119	1923	"oats"	1627
19	4	169	1923	"oats"	1795
19	5	219	1923	"oats"	1663
19	6	269	1923	"oats"	1805
2	1	2	1923	"oats"	1846
2	2	52	1923	"oats"	1943
2	3	102	1923	"oats"	1923
2	4	152	1923	"oats"	2055
2	5	202	1923	"oats"	1760
2	6	252	1923	"oats"	2020
20	1	20	1923	"oats"	1301
20	2	70	1923	"oats"	1668
20	3	120	1923	"oats"	1617
20	4	170	1923	"oats"	1703
20	5	220	1923	"oats"	1714
20	6	270	1923	"oats"	1989
21	1	21	1923	"oats"	1617
21	2	71	1923	"oats"	1688
21	3	121	1923	"oats"	1688
21	4	171	1923	"oats"	1703
21	5	221	1923	"oats"	1744
21	6	271	1923	"oats"	1882
22	1	22	1923	"oats"	1464
22	2	72	1923	"oats"	1719
22	3	122	1923	"oats"	1790
22	4	172	1923	"oats"	1882
22	5	222	1923	"oats"	1824
22	6	272	1923	"oats"	1867
23	1	23	1923	"oats"	1892
23	2	73	1923	"oats"	1933
23	3	123	1923	"oats"	1673
23	4	173	1923	"oats"	1703
23	5	223	1923	"oats"	1749
23	6	273	1923	"oats"	1907
24	1	24	1923	"oats"	1617
24	2	74	1923	"oats"	1709
24	3	124	1923	"oats"	1596
24	4	174	1923	"oats"	1617
24	5	224	1923	"oats"	1505
24	6	274	1923	"oats"	1780
25	1	25	1923	"oats"	1576
25	2	75	1923	"oats"	1561
25	3	125	1923	"oats"	1591
25	4	175	1923	"oats"	1887
25	5	225	1923	"oats"	1601
25	6	275	1923	"oats"	1749
26	1	26	1923	"oats"	1897
26	2	76	1923	"oats"	1545
26	3	126	1923	"oats"	1627
26	4	176	1923	"oats"	1637
26	5	226	1923	"oats"	1622
26	6	276	1923	"oats"	1556
27	1	27	1923	"oats"	1591
27	2	77	1923	"oats"	1627
27	3	127	1923	"oats"	1816
27	4	177	1923	"oats"	1724
27	5	227	1923	"oats"	1652
27	6	277	1923	"oats"	1637
28	1	28	1923	"oats"	1520
28	2	78	1923	"oats"	1566
28	3	128	1923	"oats"	1632
28	4	178	1923	"oats"	1673
28	5	228	1923	"oats"	1663
28	6	278	1923	"oats"	1545
29	1	29	1923	"oats"	1601
29	2	79	1923	"oats"	1459
29	3	129	1923	"oats"	1576
29	4	179	1923	"oats"	1693
29	5	229	1923	"oats"	1464
29	6	279	1923	"oats"	1413
3	1	3	1923	"oats"	1907
3	2	53	1923	"oats"	2096
3	3	103	1923	"oats"	1816
3	4	153	1923	"oats"	1851
3	5	203	1923	"oats"	1882
3	6	253	1923	"oats"	2127
30	1	30	1923	"oats"	1668
30	2	80	1923	"oats"	1907
30	3	130	1923	"oats"	1795
30	4	180	1923	"oats"	1729
30	5	230	1923	"oats"	1673
30	6	280	1923	"oats"	1678
31	1	31	1923	"oats"	2632
31	2	81	1923	"oats"	1943
31	3	131	1923	"oats"	2122
31	4	181	1923	"oats"	1683
31	5	231	1923	"oats"	1673
31	6	281	1923	"oats"	1836
32	1	32	1923	"oats"	2433
32	2	82	1923	"oats"	2224
32	3	132	1923	"oats"	1897
32	4	182	1923	"oats"	1800
32	5	232	1923	"oats"	1744
32	6	282	1923	"oats"	1811
33	1	33	1923	"oats"	2540
33	2	83	1923	"oats"	2050
33	3	133	1923	"oats"	1749
33	4	183	1923	"oats"	1703
33	5	233	1923	"oats"	1754
33	6	283	1923	"oats"	1836
34	1	34	1923	"oats"	1790
34	2	84	1923	"oats"	1734
34	3	134	1923	"oats"	1612
34	4	184	1923	"oats"	1821
34	5	234	1923	"oats"	1693
34	6	284	1923	"oats"	2132
35	1	35	1923	"oats"	2040
35	2	85	1923	"oats"	1989
35	3	135	1923	"oats"	1663
35	4	185	1923	"oats"	1550
35	5	235	1923	"oats"	1535
35	6	285	1923	"oats"	1800
36	1	36	1923	"oats"	2142
36	2	86	1923	"oats"	2142
36	3	136	1923	"oats"	1816
36	4	186	1923	"oats"	1882
36	5	236	1923	"oats"	1612
36	6	286	1923	"oats"	1765
37	1	37	1923	"oats"	2015
37	2	87	1923	"oats"	2137
37	3	137	1923	"oats"	1999
37	4	187	1923	"oats"	2009
37	5	237	1923	"oats"	1617
37	6	287	1923	"oats"	1913
38	1	38	1923	"oats"	1984
38	2	88	1923	"oats"	2066
38	3	138	1923	"oats"	2280
38	4	188	1923	"oats"	2086
38	5	238	1923	"oats"	1418
38	6	288	1923	"oats"	1525
39	1	39	1923	"oats"	1964
39	2	89	1923	"oats"	2040
39	3	139	1923	"oats"	2198
39	4	189	1923	"oats"	2458
39	5	239	1923	"oats"	1658
39	6	289	1923	"oats"	1688
4	1	4	1923	"oats"	1831
4	2	54	1923	"oats"	2045
4	3	104	1923	"oats"	1780
4	4	154	1923	"oats"	1964
4	5	204	1923	"oats"	1729
4	6	254	1923	"oats"	2290
40	1	40	1923	"oats"	2025
40	2	90	1923	"oats"	1907
40	3	140	1923	"oats"	2372
40	4	190	1923	"oats"	1918
40	5	240	1923	"oats"	1142
40	6	290	1923	"oats"	1566
41	1	41	1923	"oats"	2208
41	2	91	1923	"oats"	2224
41	3	141	1923	"oats"	2448
41	4	191	1923	"oats"	1795
41	5	241	1923	"oats"	1209
41	6	291	1923	"oats"	1285
42	1	42	1923	"oats"	2015
42	2	92	1923	"oats"	1530
42	3	142	1923	"oats"	1795
42	4	192	1923	"oats"	1714
42	5	242	1923	"oats"	1515
42	6	292	1923	"oats"	1576
43	1	43	1923	"oats"	1933
43	2	93	1923	"oats"	1632
43	3	143	1923	"oats"	1081
43	4	193	1923	"oats"	1811
43	5	243	1923	"oats"	1214
43	6	293	1923	"oats"	1714
44	1	44	1923	"oats"	1872
44	2	94	1923	"oats"	1724
44	3	144	1923	"oats"	1311
44	4	194	1923	"oats"	2091
44	5	244	1923	"oats"	1703
44	6	294	1923	"oats"	1948
45	1	45	1923	"oats"	1698
45	2	95	1923	"oats"	1678
45	3	145	1923	"oats"	1596
45	4	195	1923	"oats"	1948
45	5	245	1923	"oats"	2071
45	6	295	1923	"oats"	1693
5	1	5	1923	"oats"	1851
5	2	55	1923	"oats"	2377
5	3	105	1923	"oats"	2550
5	4	155	1923	"oats"	2601
5	5	205	1923	"oats"	2229
5	6	255	1923	"oats"	2642
6	1	6	1923	"oats"	1918
6	2	56	1923	"oats"	2137
6	3	106	1923	"oats"	2764
6	4	156	1923	"oats"	2836
6	5	206	1923	"oats"	2157
6	6	256	1923	"oats"	2315
7	1	7	1923	"oats"	2091
7	2	57	1923	"oats"	2310
7	3	107	1923	"oats"	2780
7	4	157	1923	"oats"	2723
7	5	207	1923	"oats"	2188
7	6	257	1923	"oats"	1989
8	1	8	1923	"oats"	2208
8	2	58	1923	"oats"	2178
8	3	108	1923	"oats"	2377
8	4	158	1923	"oats"	2275
8	5	208	1923	"oats"	2280
8	6	258	1923	"oats"	1958
9	1	9	1923	"oats"	1913
9	2	59	1923	"oats"	1902
9	3	109	1923	"oats"	2224
9	4	159	1923	"oats"	2234
9	5	209	1923	"oats"	2071
9	6	259	1923	"oats"	1913
1	1	1	1924	"wheat"	15.1
1	2	51	1924	"wheat"	17
1	3	101	1924	"wheat"	18.5
1	4	151	1924	"wheat"	14.6
1	5	201	1924	"wheat"	10.4
1	6	251	1924	"wheat"	11.6
10	1	10	1924	"wheat"	19.1
10	2	60	1924	"wheat"	18.3
10	3	110	1924	"wheat"	9.8
10	4	160	1924	"wheat"	11.6
10	5	210	1924	"wheat"	11.3
10	6	260	1924	"wheat"	14.7
11	1	11	1924	"wheat"	10.7
11	2	61	1924	"wheat"	13.5
11	3	111	1924	"wheat"	15
11	4	161	1924	"wheat"	12.3
11	5	211	1924	"wheat"	10.9
11	6	261	1924	"wheat"	20.6
12	1	12	1924	"wheat"	16.3
12	2	62	1924	"wheat"	11.9
12	3	112	1924	"wheat"	13.2
12	4	162	1924	"wheat"	14.8
12	5	212	1924	"wheat"	14.3
12	6	262	1924	"wheat"	29.7
13	1	13	1924	"wheat"	16.5
13	2	63	1924	"wheat"	14.2
13	3	113	1924	"wheat"	14.4
13	4	163	1924	"wheat"	15.7
13	5	213	1924	"wheat"	16.3
13	6	263	1924	"wheat"	30.6
14	1	14	1924	"wheat"	16.6
14	2	64	1924	"wheat"	16
14	3	114	1924	"wheat"	10.3
14	4	164	1924	"wheat"	14
14	5	214	1924	"wheat"	17.6
14	6	264	1924	"wheat"	21.3
15	1	15	1924	"wheat"	19.6
15	2	65	1924	"wheat"	18.7
15	3	115	1924	"wheat"	14.8
15	4	165	1924	"wheat"	16.6
15	5	215	1924	"wheat"	15.7
15	6	265	1924	"wheat"	16.7
16	1	16	1924	"wheat"	18.4
16	2	66	1924	"wheat"	17.9
16	3	116	1924	"wheat"	14
16	4	166	1924	"wheat"	14.3
16	5	216	1924	"wheat"	12
16	6	266	1924	"wheat"	14.9
17	1	17	1924	"wheat"	16
17	2	67	1924	"wheat"	15.8
17	3	117	1924	"wheat"	17.8
17	4	167	1924	"wheat"	15
17	5	217	1924	"wheat"	14.6
17	6	267	1924	"wheat"	17.3
18	1	18	1924	"wheat"	16.2
18	2	68	1924	"wheat"	14.6
18	3	118	1924	"wheat"	15.3
18	4	168	1924	"wheat"	12.2
18	5	218	1924	"wheat"	16.3
18	6	268	1924	"wheat"	14.4
19	1	19	1924	"wheat"	10.8
19	2	69	1924	"wheat"	13.3
19	3	119	1924	"wheat"	17.4
19	4	169	1924	"wheat"	20.5
19	5	219	1924	"wheat"	16.1
19	6	269	1924	"wheat"	14.9
2	1	2	1924	"wheat"	9.6
2	2	52	1924	"wheat"	17.3
2	3	102	1924	"wheat"	15.8
2	4	152	1924	"wheat"	9.6
2	5	202	1924	"wheat"	9
2	6	252	1924	"wheat"	10.9
20	1	20	1924	"wheat"	10.9
20	2	70	1924	"wheat"	10.7
20	3	120	1924	"wheat"	16.8
20	4	170	1924	"wheat"	14.7
20	5	220	1924	"wheat"	12.9
20	6	270	1924	"wheat"	17.5
21	1	21	1924	"wheat"	10.4
21	2	71	1924	"wheat"	11.2
21	3	121	1924	"wheat"	18.3
21	4	171	1924	"wheat"	20.3
21	5	221	1924	"wheat"	15.3
21	6	271	1924	"wheat"	18.6
22	1	22	1924	"wheat"	13.5
22	2	72	1924	"wheat"	11.7
22	3	122	1924	"wheat"	13.7
22	4	172	1924	"wheat"	19.6
22	5	222	1924	"wheat"	19.2
22	6	272	1924	"wheat"	17.7
23	1	23	1924	"wheat"	18.2
23	2	73	1924	"wheat"	10.2
23	3	123	1924	"wheat"	14.8
23	4	173	1924	"wheat"	15.5
23	5	223	1924	"wheat"	12.7
23	6	273	1924	"wheat"	14.7
24	1	24	1924	"wheat"	12.1
24	2	74	1924	"wheat"	9.7
24	3	124	1924	"wheat"	20.8
24	4	174	1924	"wheat"	19.3
24	5	224	1924	"wheat"	20.4
24	6	274	1924	"wheat"	17.9
25	1	25	1924	"wheat"	13.6
25	2	75	1924	"wheat"	11.4
25	3	125	1924	"wheat"	14.6
25	4	175	1924	"wheat"	18.2
25	5	225	1924	"wheat"	14.6
25	6	275	1924	"wheat"	21.1
26	1	26	1924	"wheat"	14.8
26	2	76	1924	"wheat"	16.1
26	3	126	1924	"wheat"	19.1
26	4	176	1924	"wheat"	17.8
26	5	226	1924	"wheat"	19.4
26	6	276	1924	"wheat"	18
27	1	27	1924	"wheat"	17.5
27	2	77	1924	"wheat"	13.7
27	3	127	1924	"wheat"	14.6
27	4	177	1924	"wheat"	16.2
27	5	227	1924	"wheat"	16.6
27	6	277	1924	"wheat"	12.9
28	1	28	1924	"wheat"	16.8
28	2	78	1924	"wheat"	17.1
28	3	128	1924	"wheat"	15.7
28	4	178	1924	"wheat"	9.7
28	5	228	1924	"wheat"	13.9
28	6	278	1924	"wheat"	15.1
29	1	29	1924	"wheat"	19.7
29	2	79	1924	"wheat"	12.7
29	3	129	1924	"wheat"	16.4
29	4	179	1924	"wheat"	13.4
29	5	229	1924	"wheat"	13.7
29	6	279	1924	"wheat"	11.6
3	1	3	1924	"wheat"	15
3	2	53	1924	"wheat"	15.3
3	3	103	1924	"wheat"	11.5
3	4	153	1924	"wheat"	10.6
3	5	203	1924	"wheat"	8.9
3	6	253	1924	"wheat"	11
30	1	30	1924	"wheat"	17.3
30	2	80	1924	"wheat"	11.8
30	3	130	1924	"wheat"	14.4
30	4	180	1924	"wheat"	18
30	5	230	1924	"wheat"	10.7
30	6	280	1924	"wheat"	16.9
31	1	31	1924	"wheat"	26.7
31	2	81	1924	"wheat"	18.6
31	3	131	1924	"wheat"	17.3
31	4	181	1924	"wheat"	16.1
31	5	231	1924	"wheat"	13.9
31	6	281	1924	"wheat"	15.8
32	1	32	1924	"wheat"	26.5
32	2	82	1924	"wheat"	21
32	3	132	1924	"wheat"	18.5
32	4	182	1924	"wheat"	17.2
32	5	232	1924	"wheat"	12.6
32	6	282	1924	"wheat"	15.2
33	1	33	1924	"wheat"	26.1
33	2	83	1924	"wheat"	17.2
33	3	133	1924	"wheat"	14.9
33	4	183	1924	"wheat"	16.6
33	5	233	1924	"wheat"	18.1
33	6	283	1924	"wheat"	16.9
34	1	34	1924	"wheat"	21.6
34	2	84	1924	"wheat"	21.1
34	3	134	1924	"wheat"	16.5
34	4	184	1924	"wheat"	18
34	5	234	1924	"wheat"	16.1
34	6	284	1924	"wheat"	15.7
35	1	35	1924	"wheat"	20.8
35	2	85	1924	"wheat"	19.8
35	3	135	1924	"wheat"	17
35	4	185	1924	"wheat"	16.5
35	5	235	1924	"wheat"	14.4
35	6	285	1924	"wheat"	20.7
36	1	36	1924	"wheat"	17.2
36	2	86	1924	"wheat"	20.3
36	3	136	1924	"wheat"	21.7
36	4	186	1924	"wheat"	19.7
36	5	236	1924	"wheat"	19.7
36	6	286	1924	"wheat"	20.9
37	1	37	1924	"wheat"	18
37	2	87	1924	"wheat"	15.9
37	3	137	1924	"wheat"	18.4
37	4	187	1924	"wheat"	25.5
37	5	237	1924	"wheat"	13.2
37	6	287	1924	"wheat"	16.3
38	1	38	1924	"wheat"	9.9
38	2	88	1924	"wheat"	16.5
38	3	138	1924	"wheat"	24
38	4	188	1924	"wheat"	30.6
38	5	238	1924	"wheat"	13.3
38	6	288	1924	"wheat"	15.4
39	1	39	1924	"wheat"	14.7
39	2	89	1924	"wheat"	17.5
39	3	139	1924	"wheat"	20.3
39	4	189	1924	"wheat"	28.2
39	5	239	1924	"wheat"	16.5
39	6	289	1924	"wheat"	18.6
4	1	4	1924	"wheat"	12.5
4	2	54	1924	"wheat"	13.2
4	3	104	1924	"wheat"	8.6
4	4	154	1924	"wheat"	10.3
4	5	204	1924	"wheat"	7.8
4	6	254	1924	"wheat"	14.4
40	1	40	1924	"wheat"	15.4
40	2	90	1924	"wheat"	14.2
40	3	140	1924	"wheat"	24.4
40	4	190	1924	"wheat"	23.5
40	5	240	1924	"wheat"	14.3
40	6	290	1924	"wheat"	18.8
41	1	41	1924	"wheat"	16.1
41	2	91	1924	"wheat"	10.5
41	3	141	1924	"wheat"	20.9
41	4	191	1924	"wheat"	17.5
41	5	241	1924	"wheat"	12.9
41	6	291	1924	"wheat"	12.3
42	1	42	1924	"wheat"	14.8
42	2	92	1924	"wheat"	15.3
42	3	142	1924	"wheat"	17.5
42	4	192	1924	"wheat"	16.5
42	5	242	1924	"wheat"	14.2
42	6	292	1924	"wheat"	19.9
43	1	43	1924	"wheat"	14.9
43	2	93	1924	"wheat"	11.9
43	3	143	1924	"wheat"	11.1
43	4	193	1924	"wheat"	17.2
43	5	243	1924	"wheat"	12.4
43	6	293	1924	"wheat"	12
44	1	44	1924	"wheat"	11.6
44	2	94	1924	"wheat"	13.5
44	3	144	1924	"wheat"	10.5
44	4	194	1924	"wheat"	12
44	5	244	1924	"wheat"	16
44	6	294	1924	"wheat"	15.2
45	1	45	1924	"wheat"	15.2
45	2	95	1924	"wheat"	10.5
45	3	145	1924	"wheat"	12.6
45	4	195	1924	"wheat"	13.9
45	5	245	1924	"wheat"	12.7
45	6	295	1924	"wheat"	12.8
5	1	5	1924	"wheat"	14.3
5	2	55	1924	"wheat"	10.6
5	3	105	1924	"wheat"	14.3
5	4	155	1924	"wheat"	13.1
5	5	205	1924	"wheat"	7.9
5	6	255	1924	"wheat"	13.6
6	1	6	1924	"wheat"	17.3
6	2	56	1924	"wheat"	11.8
6	3	106	1924	"wheat"	14.2
6	4	156	1924	"wheat"	16
6	5	206	1924	"wheat"	11.7
6	6	256	1924	"wheat"	11.5
7	1	7	1924	"wheat"	15.5
7	2	57	1924	"wheat"	17.4
7	3	107	1924	"wheat"	22
7	4	157	1924	"wheat"	15.1
7	5	207	1924	"wheat"	10
7	6	257	1924	"wheat"	11.4
8	1	8	1924	"wheat"	13.4
8	2	58	1924	"wheat"	17.2
8	3	108	1924	"wheat"	13.6
8	4	158	1924	"wheat"	12.3
8	5	208	1924	"wheat"	14.4
8	6	258	1924	"wheat"	12.2
9	1	9	1924	"wheat"	19.1
9	2	59	1924	"wheat"	19.1
9	3	109	1924	"wheat"	12.7
9	4	159	1924	"wheat"	10.4
9	5	209	1924	"wheat"	11.5
9	6	259	1924	"wheat"	12.6
1	1	NA	1927	"corn"	NA
2	1	NA	1927	"corn"	NA
3	1	NA	1927	"corn"	NA
4	1	NA	1927	"corn"	NA
5	1	NA	1927	"corn"	NA
6	1	NA	1927	"corn"	NA
7	1	NA	1927	"corn"	NA
8	1	NA	1927	"corn"	NA
9	1	NA	1927	"corn"	NA
10	1	510	1927	"corn"	79.0679
11	1	511	1927	"corn"	77.3176
12	1	512	1927	"corn"	87.8955
13	1	513	1927	"corn"	89.798
14	1	514	1927	"corn"	90.7873
15	1	515	1927	"corn"	82.7207
16	1	516	1927	"corn"	80.666
17	1	517	1927	"corn"	82.8729
18	1	518	1927	"corn"	84.0905
19	1	519	1927	"corn"	82.7968
20	1	520	1927	"corn"	83.3295
21	1	521	1927	"corn"	79.0679
22	1	522	1927	"corn"	78.2308
23	1	523	1927	"corn"	90.3307
24	1	524	1927	"corn"	90.1785
25	1	525	1927	"corn"	84.3949
26	1	526	1927	"corn"	80.666
27	1	527	1927	"corn"	80.5899
28	1	528	1927	"corn"	88.1999
29	1	529	1927	"corn"	80.2094
30	1	530	1927	"corn"	73.2082
31	1	531	1927	"corn"	84.471
32	1	532	1927	"corn"	86.5257
33	1	533	1927	"corn"	91.7766
34	1	534	1927	"corn"	83.71
35	1	535	1927	"corn"	86.3735
36	1	536	1927	"corn"	84.0905
37	1	537	1927	"corn"	91.0156
38	1	538	1927	"corn"	81.8836
39	1	539	1927	"corn"	77.3176
40	1	301	1927	"corn"	85.7647
41	1	302	1927	"corn"	82.0358
42	1	303	1927	"corn"	88.8087
43	1	304	1927	"corn"	92.7659
44	1	305	1927	"corn"	87.8955
45	1	306	1927	"corn"	85.6125
46	1	307	1927	"corn"	83.6339
47	1	308	1927	"corn"	79.3723
48	1	309	1927	"corn"	79.2962
49	1	310	1927	"corn"	80.9704
50	1	311	1927	"corn"	88.276
51	1	312	1927	"corn"	88.7326
52	1	313	1927	"corn"	88.1238
53	1	314	1927	"corn"	85.9169
54	1	315	1927	"corn"	89.4175
55	1	316	1927	"corn"	85.7647
56	1	317	1927	"corn"	92.5376
57	1	318	1927	"corn"	86.5257
58	1	319	1927	"corn"	86.9062
59	1	320	1927	"corn"	85.0037
60	1	321	1927	"corn"	81.7314
61	1	322	1927	"corn"	83.6339
62	1	323	1927	"corn"	75.1107
63	1	324	1927	"corn"	90.7112
64	1	325	1927	"corn"	87.9716
65	1	326	1927	"corn"	83.1012
66	1	327	1927	"corn"	85.232
67	1	328	1927	"corn"	85.6125
68	1	329	1927	"corn"	85.0037
69	1	330	1927	"corn"	84.0905
70	1	331	1927	"corn"	84.3188
71	1	332	1927	"corn"	80.8943
72	1	333	1927	"corn"	80.8182
73	1	334	1927	"corn"	75.2629
74	1	335	1927	"corn"	79.9811
75	1	336	1927	"corn"	76.4805
76	1	337	1927	"corn"	77.622
77	1	338	1927	"corn"	85.6886
78	1	339	1927	"corn"	84.7754
79	1	340	1927	"corn"	85.0037
80	1	341	1927	"corn"	88.4282
81	1	342	1927	"corn"	86.2974
82	1	343	1927	"corn"	89.1131
83	1	344	1927	"corn"	81.427
84	1	345	1927	"corn"	101.2891
1	2	551	1927	"corn"	72.5233
2	2	552	1927	"corn"	76.6327
3	2	553	1927	"corn"	67.729
4	2	554	1927	"corn"	69.6315
5	2	555	1927	"corn"	69.6315
6	2	556	1927	"corn"	73.5887
7	2	557	1927	"corn"	69.0227
8	2	558	1927	"corn"	55.0964
9	2	559	1927	"corn"	56.0096
10	2	560	1927	"corn"	67.8051
11	2	561	1927	"corn"	86.6779
12	2	562	1927	"corn"	75.1107
13	2	563	1927	"corn"	83.3295
14	2	564	1927	"corn"	83.4056
15	2	565	1927	"corn"	69.6315
16	2	566	1927	"corn"	82.188
17	2	567	1927	"corn"	71.6862
18	2	568	1927	"corn"	69.0227
19	2	569	1927	"corn"	77.9264
20	2	570	1927	"corn"	82.2641
21	2	571	1927	"corn"	85.232
22	2	572	1927	"corn"	81.2748
23	2	573	1927	"corn"	75.1868
24	2	574	1927	"corn"	78.6874
25	2	575	1927	"corn"	79.6006
26	2	576	1927	"corn"	77.3937
27	2	577	1927	"corn"	73.6648
28	2	578	1927	"corn"	69.0227
29	2	579	1927	"corn"	69.4793
30	2	580	1927	"corn"	67.5007
31	2	581	1927	"corn"	63.3913
32	2	582	1927	"corn"	68.4139
33	2	583	1927	"corn"	82.2641
34	2	584	1927	"corn"	76.9371
35	2	585	1927	"corn"	83.6339
36	2	586	1927	"corn"	80.2094
37	2	587	1927	"corn"	82.4163
38	2	588	1927	"corn"	85.232
39	2	589	1927	"corn"	87.8955
40	2	351	1927	"corn"	89.1131
41	2	352	1927	"corn"	94.6684
42	2	353	1927	"corn"	84.7754
43	2	354	1927	"corn"	97.4841
44	2	355	1927	"corn"	89.4175
45	2	356	1927	"corn"	98.3212
46	2	357	1927	"corn"	85.9169
47	2	358	1927	"corn"	88.7326
48	2	359	1927	"corn"	83.3295
49	2	360	1927	"corn"	86.6779
50	2	361	1927	"corn"	91.3961
51	2	362	1927	"corn"	78.383
52	2	363	1927	"corn"	89.4175
53	2	364	1927	"corn"	82.7968
54	2	365	1927	"corn"	86.6779
55	2	366	1927	"corn"	83.3295
56	2	367	1927	"corn"	94.1357
57	2	368	1927	"corn"	92.6137
58	2	369	1927	"corn"	85.6125
59	2	370	1927	"corn"	85.993
60	2	371	1927	"corn"	88.5804
61	2	372	1927	"corn"	79.3723
62	2	373	1927	"corn"	83.7861
63	2	374	1927	"corn"	89.1892
64	2	375	1927	"corn"	86.9823
65	2	376	1927	"corn"	83.3295
66	2	377	1927	"corn"	85.232
67	2	378	1927	"corn"	85.9169
68	2	379	1927	"corn"	83.7861
69	2	380	1927	"corn"	82.188
70	2	381	1927	"corn"	82.8729
71	2	382	1927	"corn"	81.1987
72	2	383	1927	"corn"	83.6339
73	2	384	1927	"corn"	88.5043
74	2	385	1927	"corn"	83.71
75	2	386	1927	"corn"	78.6113
76	2	387	1927	"corn"	82.4924
77	2	388	1927	"corn"	78.3069
78	2	389	1927	"corn"	82.8729
79	2	390	1927	"corn"	76.3283
80	2	391	1927	"corn"	75.4151
81	2	392	1927	"corn"	73.1321
82	2	393	1927	"corn"	79.0679
83	2	394	1927	"corn"	91.3961
84	2	395	1927	"corn"	88.5804
1	3	601	1927	"corn"	83.71
2	3	602	1927	"corn"	81.1987
3	3	603	1927	"corn"	88.7326
4	3	604	1927	"corn"	84.0144
5	3	605	1927	"corn"	78.3069
6	3	606	1927	"corn"	69.7837
7	3	607	1927	"corn"	74.5019
8	3	608	1927	"corn"	51.6719
9	3	609	1927	"corn"	66.1309
10	3	610	1927	"corn"	76.6327
11	3	611	1927	"corn"	68.1095
12	3	612	1927	"corn"	90.1024
13	3	NA	1927	"corn"	NA
14	3	NA	1927	"corn"	NA
15	3	NA	1927	"corn"	NA
16	3	NA	1927	"corn"	NA
17	3	NA	1927	"corn"	NA
18	3	NA	1927	"corn"	NA
19	3	NA	1927	"corn"	NA
20	3	NA	1927	"corn"	NA
21	3	NA	1927	"corn"	NA
22	3	NA	1927	"corn"	NA
23	3	NA	1927	"corn"	NA
24	3	NA	1927	"corn"	NA
25	3	625	1927	"corn"	83.3295
26	3	626	1927	"corn"	80.8943
27	3	627	1927	"corn"	87.9716
28	3	628	1927	"corn"	89.798
29	3	629	1927	"corn"	79.6006
30	3	630	1927	"corn"	68.7183
31	3	631	1927	"corn"	68.1856
32	3	632	1927	"corn"	64.9133
33	3	633	1927	"corn"	81.5031
34	3	634	1927	"corn"	73.1321
35	3	635	1927	"corn"	66.5114
36	3	636	1927	"corn"	71.2296
37	3	637	1927	"corn"	80.9704
38	3	638	1927	"corn"	80.9704
39	3	639	1927	"corn"	83.8622
40	3	401	1927	"corn"	86.3735
41	3	402	1927	"corn"	86.8301
42	3	403	1927	"corn"	93.9074
43	3	404	1927	"corn"	90.7873
44	3	405	1927	"corn"	92.0049
45	3	406	1927	"corn"	89.037
46	3	407	1927	"corn"	91.3961
47	3	408	1927	"corn"	92.3854
48	3	409	1927	"corn"	91.0917
49	3	410	1927	"corn"	85.6125
50	3	411	1927	"corn"	90.1024
51	3	412	1927	"corn"	81.1226
52	3	413	1927	"corn"	87.8955
53	3	414	1927	"corn"	84.6993
54	3	415	1927	"corn"	97.408
55	3	416	1927	"corn"	95.2011
56	3	417	1927	"corn"	88.276
57	3	418	1927	"corn"	89.798
58	3	419	1927	"corn"	81.5031
59	3	420	1927	"corn"	81.2748
60	3	421	1927	"corn"	93.9835
61	3	422	1927	"corn"	84.6993
62	3	423	1927	"corn"	92.9181
63	3	424	1927	"corn"	87.3628
64	3	425	1927	"corn"	85.6125
65	3	426	1927	"corn"	86.2213
66	3	427	1927	"corn"	87.8955
67	3	428	1927	"corn"	88.5043
68	3	429	1927	"corn"	85.5364
69	3	430	1927	"corn"	81.5031
70	3	431	1927	"corn"	85.6125
71	3	432	1927	"corn"	68.1856
72	3	433	1927	"corn"	76.4805
73	3	434	1927	"corn"	81.1987
74	3	435	1927	"corn"	88.1238
75	3	436	1927	"corn"	89.2653
76	3	437	1927	"corn"	86.9823
77	3	438	1927	"corn"	81.1226
78	3	439	1927	"corn"	75.7956
79	3	440	1927	"corn"	77.9264
80	3	441	1927	"corn"	87.8955
81	3	442	1927	"corn"	89.5697
82	3	443	1927	"corn"	NA
83	3	444	1927	"corn"	NA
84	3	445	1927	"corn"	NA
1	4	651	1927	"corn"	74.578
2	4	652	1927	"corn"	77.622
3	4	653	1927	"corn"	79.2962
4	4	654	1927	"corn"	80.1333
5	4	655	1927	"corn"	65.5982
6	4	656	1927	"corn"	71.0013
7	4	657	1927	"corn"	66.4353
8	4	658	1927	"corn"	62.6303
9	4	659	1927	"corn"	59.2058
10	4	660	1927	"corn"	75.8717
11	4	661	1927	"corn"	68.8705
12	4	662	1927	"corn"	84.471
13	4	NA	1927	"corn"	NA
14	4	NA	1927	"corn"	NA
15	4	NA	1927	"corn"	NA
16	4	NA	1927	"corn"	NA
17	4	NA	1927	"corn"	NA
18	4	NA	1927	"corn"	NA
19	4	NA	1927	"corn"	NA
20	4	NA	1927	"corn"	NA
21	4	NA	1927	"corn"	NA
22	4	NA	1927	"corn"	NA
23	4	NA	1927	"corn"	NA
24	4	NA	1927	"corn"	NA
25	4	675	1927	"corn"	91.4722
26	4	676	1927	"corn"	78.5352
27	4	677	1927	"corn"	78.2308
28	4	678	1927	"corn"	83.6339
29	4	679	1927	"corn"	73.9692
30	4	680	1927	"corn"	64.3045
31	4	681	1927	"corn"	58.3687
32	4	682	1927	"corn"	60.5756
33	4	683	1927	"corn"	69.3271
34	4	684	1927	"corn"	67.2724
35	4	685	1927	"corn"	63.4674
36	4	686	1927	"corn"	71.6101
37	4	687	1927	"corn"	64.685
38	4	688	1927	"corn"	68.8705
39	4	689	1927	"corn"	72.5233
40	4	451	1927	"corn"	78.0786
41	4	452	1927	"corn"	88.5804
42	4	453	1927	"corn"	91.7005
43	4	454	1927	"corn"	86.8301
44	4	455	1927	"corn"	88.1238
45	4	456	1927	"corn"	90.1785
46	4	457	1927	"corn"	83.6339
47	4	458	1927	"corn"	85.9169
48	4	459	1927	"corn"	88.1238
49	4	460	1927	"corn"	87.8194
50	4	461	1927	"corn"	86.2974
51	4	462	1927	"corn"	90.4829
52	4	463	1927	"corn"	87.8955
53	4	464	1927	"corn"	84.1666
54	4	465	1927	"corn"	82.4163
55	4	466	1927	"corn"	85.6125
56	4	467	1927	"corn"	84.6993
57	4	468	1927	"corn"	93.5269
58	4	469	1927	"corn"	87.9716
59	4	470	1927	"corn"	75.4151
60	4	471	1927	"corn"	86.2974
61	4	472	1927	"corn"	78.9918
62	4	473	1927	"corn"	97.0275
63	4	474	1927	"corn"	92.081
64	4	475	1927	"corn"	79.905
65	4	476	1927	"corn"	79.2201
66	4	477	1927	"corn"	76.9371
67	4	478	1927	"corn"	82.7207
68	4	479	1927	"corn"	81.427
69	4	480	1927	"corn"	80.5138
70	4	481	1927	"corn"	84.0905
71	4	482	1927	"corn"	77.622
72	4	483	1927	"corn"	81.1987
73	4	484	1927	"corn"	72.5994
74	4	485	1927	"corn"	75.4912
75	4	486	1927	"corn"	73.9692
76	4	487	1927	"corn"	72.6755
77	4	488	1927	"corn"	75.7956
78	4	489	1927	"corn"	72.0667
79	4	490	1927	"corn"	72.5994
80	4	491	1927	"corn"	78.7635
81	4	492	1927	"corn"	83.7861
82	4	493	1927	"corn"	NA
83	4	494	1927	"corn"	NA
84	4	495	1927	"corn"	NA
1	5	701	1927	"corn"	67.2724
2	5	702	1927	"corn"	69.9359
3	5	703	1927	"corn"	67.2724
4	5	704	1927	"corn"	80.2094
5	5	705	1927	"corn"	65.6743
6	5	706	1927	"corn"	64.5328
7	5	707	1927	"corn"	62.6303
8	5	708	1927	"corn"	63.163
9	5	709	1927	"corn"	60.1951
10	5	710	1927	"corn"	71.534
11	5	711	1927	"corn"	78.9918
12	5	712	1927	"corn"	77.9264
13	5	NA	1927	"corn"	NA
14	5	NA	1927	"corn"	NA
15	5	NA	1927	"corn"	NA
16	5	NA	1927	"corn"	NA
17	5	NA	1927	"corn"	NA
18	5	NA	1927	"corn"	NA
19	5	NA	1927	"corn"	NA
20	5	NA	1927	"corn"	NA
21	5	NA	1927	"corn"	NA
22	5	NA	1927	"corn"	NA
23	5	NA	1927	"corn"	NA
24	5	NA	1927	"corn"	NA
25	5	725	1927	"corn"	86.3735
26	5	726	1927	"corn"	79.5245
27	5	727	1927	"corn"	79.0679
28	5	728	1927	"corn"	64.685
29	5	729	1927	"corn"	67.5007
30	5	730	1927	"corn"	65.3699
31	5	731	1927	"corn"	57.836
32	5	732	1927	"corn"	62.0215
33	5	733	1927	"corn"	75.7195
34	5	734	1927	"corn"	66.5875
35	5	735	1927	"corn"	61.4127
36	5	736	1927	"corn"	63.6196
37	5	737	1927	"corn"	59.5102
38	5	738	1927	"corn"	60.5756
39	5	739	1927	"corn"	62.9347
40	5	NA	1927	"corn"	NA
41	5	NA	1927	"corn"	NA
42	5	NA	1927	"corn"	NA
43	5	NA	1927	"corn"	NA
44	5	NA	1927	"corn"	NA
45	5	NA	1927	"corn"	NA
46	5	NA	1927	"corn"	NA
47	5	NA	1927	"corn"	NA
48	5	NA	1927	"corn"	NA
49	5	NA	1927	"corn"	NA
50	5	NA	1927	"corn"	NA
51	5	NA	1927	"corn"	NA
52	5	NA	1927	"corn"	NA
53	5	NA	1927	"corn"	NA
54	5	NA	1927	"corn"	NA
55	5	NA	1927	"corn"	NA
56	5	NA	1927	"corn"	NA
57	5	NA	1927	"corn"	NA
58	5	NA	1927	"corn"	NA
59	5	NA	1927	"corn"	NA
60	5	NA	1927	"corn"	NA
61	5	NA	1927	"corn"	NA
62	5	NA	1927	"corn"	NA
63	5	NA	1927	"corn"	NA
64	5	NA	1927	"corn"	NA
65	5	NA	1927	"corn"	NA
66	5	NA	1927	"corn"	NA
67	5	NA	1927	"corn"	NA
68	5	NA	1927	"corn"	NA
69	5	NA	1927	"corn"	NA
70	5	NA	1927	"corn"	NA
71	5	NA	1927	"corn"	NA
72	5	NA	1927	"corn"	NA
73	5	NA	1927	"corn"	NA
74	5	NA	1927	"corn"	NA
75	5	NA	1927	"corn"	NA
76	5	NA	1927	"corn"	NA
77	5	NA	1927	"corn"	NA
78	5	NA	1927	"corn"	NA
79	5	NA	1927	"corn"	NA
80	5	NA	1927	"corn"	NA
81	5	NA	1927	"corn"	NA
82	5	NA	1927	"corn"	NA
83	5	NA	1927	"corn"	NA
84	5	NA	1927	"corn"	NA
1	6	751	1927	"corn"	74.1214
2	6	752	1927	"corn"	80.2094
3	6	753	1927	"corn"	65.5221
4	6	754	1927	"corn"	82.1119
5	6	755	1927	"corn"	66.8158
6	6	756	1927	"corn"	71.3057
7	6	757	1927	"corn"	50.226
8	6	758	1927	"corn"	53.4222
9	6	759	1927	"corn"	54.1832
10	6	760	1927	"corn"	61.7932
11	6	761	1927	"corn"	60.8039
12	6	762	1927	"corn"	74.5019
13	6	NA	1927	"corn"	NA
14	6	NA	1927	"corn"	NA
15	6	NA	1927	"corn"	NA
16	6	NA	1927	"corn"	NA
17	6	NA	1927	"corn"	NA
18	6	NA	1927	"corn"	NA
19	6	NA	1927	"corn"	NA
20	6	NA	1927	"corn"	NA
21	6	NA	1927	"corn"	NA
22	6	NA	1927	"corn"	NA
23	6	NA	1927	"corn"	NA
24	6	NA	1927	"corn"	NA
25	6	775	1927	"corn"	81.5792
26	6	776	1927	"corn"	79.2201
27	6	777	1927	"corn"	62.3259
28	6	778	1927	"corn"	60.4995
29	6	779	1927	"corn"	64.0762
30	6	780	1927	"corn"	63.6957
31	6	781	1927	"corn"	54.1832
32	6	782	1927	"corn"	56.314
33	6	783	1927	"corn"	71.3818
34	6	784	1927	"corn"	60.4234
35	6	785	1927	"corn"	56.7706
36	6	786	1927	"corn"	58.0643
37	6	787	1927	"corn"	54.3354
38	6	788	1927	"corn"	52.5851
39	6	789	1927	"corn"	52.2807
40	6	NA	1927	"corn"	NA
41	6	NA	1927	"corn"	NA
42	6	NA	1927	"corn"	NA
43	6	NA	1927	"corn"	NA
44	6	NA	1927	"corn"	NA
45	6	NA	1927	"corn"	NA
46	6	NA	1927	"corn"	NA
47	6	NA	1927	"corn"	NA
48	6	NA	1927	"corn"	NA
49	6	NA	1927	"corn"	NA
50	6	NA	1927	"corn"	NA
51	6	NA	1927	"corn"	NA
52	6	NA	1927	"corn"	NA
53	6	NA	1927	"corn"	NA
54	6	NA	1927	"corn"	NA
55	6	NA	1927	"corn"	NA
56	6	NA	1927	"corn"	NA
57	6	NA	1927	"corn"	NA
58	6	NA	1927	"corn"	NA
59	6	NA	1927	"corn"	NA
60	6	NA	1927	"corn"	NA
61	6	NA	1927	"corn"	NA
62	6	NA	1927	"corn"	NA
63	6	NA	1927	"corn"	NA
64	6	NA	1927	"corn"	NA
65	6	NA	1927	"corn"	NA
66	6	NA	1927	"corn"	NA
67	6	NA	1927	"corn"	NA
68	6	NA	1927	"corn"	NA
69	6	NA	1927	"corn"	NA
70	6	NA	1927	"corn"	NA
71	6	NA	1927	"corn"	NA
72	6	NA	1927	"corn"	NA
73	6	NA	1927	"corn"	NA
74	6	NA	1927	"corn"	NA
75	6	NA	1927	"corn"	NA
76	6	NA	1927	"corn"	NA
77	6	NA	1927	"corn"	NA
78	6	NA	1927	"corn"	NA
79	6	NA	1927	"corn"	NA
80	6	NA	1927	"corn"	NA
81	6	NA	1927	"corn"	NA
82	6	NA	1927	"corn"	NA
83	6	NA	1927	"corn"	NA
84	6	NA	1927	"corn"	NA
1	7	801	1927	"corn"	74.1214
2	7	802	1927	"corn"	69.9359
3	7	803	1927	"corn"	59.6624
4	7	804	1927	"corn"	73.2843
5	7	805	1927	"corn"	75.7956
6	7	806	1927	"corn"	84.1666
7	7	807	1927	"corn"	62.6303
8	7	808	1927	"corn"	61.8693
9	7	809	1927	"corn"	56.2379
10	7	810	1927	"corn"	52.2046
11	7	811	1927	"corn"	66.5114
12	7	812	1927	"corn"	75.1107
13	7	NA	1927	"corn"	NA
14	7	NA	1927	"corn"	NA
15	7	NA	1927	"corn"	NA
16	7	NA	1927	"corn"	NA
17	7	NA	1927	"corn"	NA
18	7	NA	1927	"corn"	NA
19	7	NA	1927	"corn"	NA
20	7	NA	1927	"corn"	NA
21	7	NA	1927	"corn"	NA
22	7	NA	1927	"corn"	NA
23	7	NA	1927	"corn"	NA
24	7	NA	1927	"corn"	NA
25	7	825	1927	"corn"	77.622
26	7	826	1927	"corn"	76.7849
27	7	827	1927	"corn"	55.4769
28	7	NA	1927	"corn"	49.0845
29	7	NA	1927	"corn"	43.6814
30	7	NA	1927	"corn"	46.5732
31	7	NA	1927	"corn"	NA
32	7	NA	1927	"corn"	NA
33	7	NA	1927	"corn"	NA
34	7	NA	1927	"corn"	NA
35	7	NA	1927	"corn"	NA
36	7	NA	1927	"corn"	NA
37	7	NA	1927	"corn"	NA
38	7	NA	1927	"corn"	NA
39	7	NA	1927	"corn"	NA
40	7	NA	1927	"corn"	NA
41	7	NA	1927	"corn"	NA
42	7	NA	1927	"corn"	NA
43	7	NA	1927	"corn"	NA
44	7	NA	1927	"corn"	NA
45	7	NA	1927	"corn"	NA
46	7	NA	1927	"corn"	NA
47	7	NA	1927	"corn"	NA
48	7	NA	1927	"corn"	NA
49	7	NA	1927	"corn"	NA
50	7	NA	1927	"corn"	NA
51	7	NA	1927	"corn"	NA
52	7	NA	1927	"corn"	NA
53	7	NA	1927	"corn"	NA
54	7	NA	1927	"corn"	NA
55	7	NA	1927	"corn"	NA
56	7	NA	1927	"corn"	NA
57	7	NA	1927	"corn"	NA
58	7	NA	1927	"corn"	NA
59	7	NA	1927	"corn"	NA
60	7	NA	1927	"corn"	NA
61	7	NA	1927	"corn"	NA
62	7	NA	1927	"corn"	NA
63	7	NA	1927	"corn"	NA
64	7	NA	1927	"corn"	NA
65	7	NA	1927	"corn"	NA
66	7	NA	1927	"corn"	NA
67	7	NA	1927	"corn"	NA
68	7	NA	1927	"corn"	NA
69	7	NA	1927	"corn"	NA
70	7	NA	1927	"corn"	NA
71	7	NA	1927	"corn"	NA
72	7	NA	1927	"corn"	NA
73	7	NA	1927	"corn"	NA
74	7	NA	1927	"corn"	NA
75	7	NA	1927	"corn"	NA
76	7	NA	1927	"corn"	NA
77	7	NA	1927	"corn"	NA
78	7	NA	1927	"corn"	NA
79	7	NA	1927	"corn"	NA
80	7	NA	1927	"corn"	NA
81	7	NA	1927	"corn"	NA
82	7	NA	1927	"corn"	NA
83	7	NA	1927	"corn"	NA
84	7	NA	1927	"corn"	NA
1	8	851	1927	"corn"	83.7861
2	8	852	1927	"corn"	76.1761
3	8	853	1927	"corn"	67.8051
4	8	854	1927	"corn"	81.1226
5	8	855	1927	"corn"	87.2106
6	8	856	1927	"corn"	79.9811
7	8	857	1927	"corn"	55.9335
8	8	858	1927	"corn"	67.4246
9	8	859	1927	"corn"	61.5649
10	8	860	1927	"corn"	51.9763
11	8	861	1927	"corn"	44.8229
12	8	862	1927	"corn"	65.5982
13	8	NA	1927	"corn"	NA
14	8	NA	1927	"corn"	NA
15	8	NA	1927	"corn"	NA
16	8	NA	1927	"corn"	NA
17	8	NA	1927	"corn"	NA
18	8	NA	1927	"corn"	NA
19	8	NA	1927	"corn"	NA
20	8	NA	1927	"corn"	NA
21	8	NA	1927	"corn"	NA
22	8	NA	1927	"corn"	NA
23	8	NA	1927	"corn"	NA
24	8	NA	1927	"corn"	NA
25	8	875	1927	"corn"	68.0334
26	8	876	1927	"corn"	65.9026
27	8	877	1927	"corn"	73.817
28	8	NA	1927	"corn"	70.773
29	8	NA	1927	"corn"	57.5316
30	8	NA	1927	"corn"	59.5863
31	8	NA	1927	"corn"	NA
32	8	NA	1927	"corn"	NA
33	8	NA	1927	"corn"	NA
34	8	NA	1927	"corn"	NA
35	8	NA	1927	"corn"	NA
36	8	NA	1927	"corn"	NA
37	8	NA	1927	"corn"	NA
38	8	NA	1927	"corn"	NA
39	8	NA	1927	"corn"	NA
40	8	NA	1927	"corn"	NA
41	8	NA	1927	"corn"	NA
42	8	NA	1927	"corn"	NA
43	8	NA	1927	"corn"	NA
44	8	NA	1927	"corn"	NA
45	8	NA	1927	"corn"	NA
46	8	NA	1927	"corn"	NA
47	8	NA	1927	"corn"	NA
48	8	NA	1927	"corn"	NA
49	8	NA	1927	"corn"	NA
50	8	NA	1927	"corn"	NA
51	8	NA	1927	"corn"	NA
52	8	NA	1927	"corn"	NA
53	8	NA	1927	"corn"	NA
54	8	NA	1927	"corn"	NA
55	8	NA	1927	"corn"	NA
56	8	NA	1927	"corn"	NA
57	8	NA	1927	"corn"	NA
58	8	NA	1927	"corn"	NA
59	8	NA	1927	"corn"	NA
60	8	NA	1927	"corn"	NA
61	8	NA	1927	"corn"	NA
62	8	NA	1927	"corn"	NA
63	8	NA	1927	"corn"	NA
64	8	NA	1927	"corn"	NA
65	8	NA	1927	"corn"	NA
66	8	NA	1927	"corn"	NA
67	8	NA	1927	"corn"	NA
68	8	NA	1927	"corn"	NA
69	8	NA	1927	"corn"	NA
70	8	NA	1927	"corn"	NA
71	8	NA	1927	"corn"	NA
72	8	NA	1927	"corn"	NA
73	8	NA	1927	"corn"	NA
74	8	NA	1927	"corn"	NA
75	8	NA	1927	"corn"	NA
76	8	NA	1927	"corn"	NA
77	8	NA	1927	"corn"	NA
78	8	NA	1927	"corn"	NA
79	8	NA	1927	"corn"	NA
80	8	NA	1927	"corn"	NA
81	8	NA	1927	"corn"	NA
82	8	NA	1927	"corn"	NA
83	8	NA	1927	"corn"	NA
84	8	NA	1927	"corn"	NA
1	9	901	1927	"corn"	73.4365
2	9	902	1927	"corn"	77.9264
3	9	903	1927	"corn"	78.6874
4	9	904	1927	"corn"	65.5982
5	9	905	1927	"corn"	60.7278
6	9	906	1927	"corn"	67.1963
7	9	907	1927	"corn"	66.5875
8	9	908	1927	"corn"	78.3069
9	9	909	1927	"corn"	63.4674
10	9	910	1927	"corn"	50.3021
11	9	911	1927	"corn"	62.0215
12	9	912	1927	"corn"	69.9359
13	9	913	1927	"corn"	63.0869
14	9	914	1927	"corn"	69.0227
15	9	915	1927	"corn"	75.5673
16	9	916	1927	"corn"	59.8146
17	9	917	1927	"corn"	43.2248
18	9	918	1927	"corn"	51.2914
19	9	919	1927	"corn"	58.8253
20	9	920	1927	"corn"	61.3366
21	9	921	1927	"corn"	48.7801
22	9	922	1927	"corn"	56.6184
23	9	923	1927	"corn"	63.6957
24	9	924	1927	"corn"	65.5221
25	9	925	1927	"corn"	68.4139
26	9	926	1927	"corn"	58.2926
27	9	927	1927	"corn"	73.2843
28	9	NA	1927	"corn"	96.1143
29	9	NA	1927	"corn"	43.5292
30	9	NA	1927	"corn"	55.9335
31	9	NA	1927	"corn"	NA
32	9	NA	1927	"corn"	NA
33	9	NA	1927	"corn"	NA
34	9	NA	1927	"corn"	NA
35	9	NA	1927	"corn"	NA
36	9	NA	1927	"corn"	NA
37	9	NA	1927	"corn"	NA
38	9	NA	1927	"corn"	NA
39	9	NA	1927	"corn"	NA
40	9	NA	1927	"corn"	NA
41	9	NA	1927	"corn"	NA
42	9	NA	1927	"corn"	NA
43	9	NA	1927	"corn"	NA
44	9	NA	1927	"corn"	NA
45	9	NA	1927	"corn"	NA
46	9	NA	1927	"corn"	NA
47	9	NA	1927	"corn"	NA
48	9	NA	1927	"corn"	NA
49	9	NA	1927	"corn"	NA
50	9	NA	1927	"corn"	NA
51	9	NA	1927	"corn"	NA
52	9	NA	1927	"corn"	NA
53	9	NA	1927	"corn"	NA
54	9	NA	1927	"corn"	NA
55	9	NA	1927	"corn"	NA
56	9	NA	1927	"corn"	NA
57	9	NA	1927	"corn"	NA
58	9	NA	1927	"corn"	NA
59	9	NA	1927	"corn"	NA
60	9	NA	1927	"corn"	NA
61	9	NA	1927	"corn"	NA
62	9	NA	1927	"corn"	NA
63	9	NA	1927	"corn"	NA
64	9	NA	1927	"corn"	NA
65	9	NA	1927	"corn"	NA
66	9	NA	1927	"corn"	NA
67	9	NA	1927	"corn"	NA
68	9	NA	1927	"corn"	NA
69	9	NA	1927	"corn"	NA
70	9	NA	1927	"corn"	NA
71	9	NA	1927	"corn"	NA
72	9	NA	1927	"corn"	NA
73	9	NA	1927	"corn"	NA
74	9	NA	1927	"corn"	NA
75	9	NA	1927	"corn"	NA
76	9	NA	1927	"corn"	NA
77	9	NA	1927	"corn"	NA
78	9	NA	1927	"corn"	NA
79	9	NA	1927	"corn"	NA
80	9	NA	1927	"corn"	NA
81	9	NA	1927	"corn"	NA
82	9	NA	1927	"corn"	NA
83	9	NA	1927	"corn"	NA
84	9	NA	1927	"corn"	NA
1	10	951	1927	"corn"	70.3164
2	10	952	1927	"corn"	67.4246
3	10	953	1927	"corn"	83.4056
4	10	954	1927	"corn"	73.6648
5	10	955	1927	"corn"	74.5019
6	10	956	1927	"corn"	76.0239
7	10	957	1927	"corn"	68.4139
8	10	958	1927	"corn"	64.2284
9	10	959	1927	"corn"	74.5019
10	10	960	1927	"corn"	59.9668
11	10	961	1927	"corn"	64.6089
12	10	962	1927	"corn"	82.1119
13	10	963	1927	"corn"	78.7635
14	10	964	1927	"corn"	72.9799
15	10	965	1927	"corn"	76.9371
16	10	966	1927	"corn"	57.5316
17	10	967	1927	"corn"	54.4876
18	10	968	1927	"corn"	50.5304
19	10	969	1927	"corn"	38.9632
20	10	970	1927	"corn"	38.8871
21	10	971	1927	"corn"	52.8134
22	10	972	1927	"corn"	62.6303
23	10	973	1927	"corn"	71.3818
24	10	974	1927	"corn"	62.1737
25	10	975	1927	"corn"	72.8277
26	10	976	1927	"corn"	75.1107
27	10	977	1927	"corn"	66.207
28	10	NA	1927	"corn"	94.2118
29	10	NA	1927	"corn"	50.9109
30	10	NA	1927	"corn"	58.2165
31	10	NA	1927	"corn"	NA
32	10	NA	1927	"corn"	NA
33	10	NA	1927	"corn"	NA
34	10	NA	1927	"corn"	NA
35	10	NA	1927	"corn"	NA
36	10	NA	1927	"corn"	NA
37	10	NA	1927	"corn"	NA
38	10	NA	1927	"corn"	NA
39	10	NA	1927	"corn"	NA
40	10	NA	1927	"corn"	NA
41	10	NA	1927	"corn"	NA
42	10	NA	1927	"corn"	NA
43	10	NA	1927	"corn"	NA
44	10	NA	1927	"corn"	NA
45	10	NA	1927	"corn"	NA
46	10	NA	1927	"corn"	NA
47	10	NA	1927	"corn"	NA
48	10	NA	1927	"corn"	NA
49	10	NA	1927	"corn"	NA
50	10	NA	1927	"corn"	NA
51	10	NA	1927	"corn"	NA
52	10	NA	1927	"corn"	NA
53	10	NA	1927	"corn"	NA
54	10	NA	1927	"corn"	NA
55	10	NA	1927	"corn"	NA
56	10	NA	1927	"corn"	NA
57	10	NA	1927	"corn"	NA
58	10	NA	1927	"corn"	NA
59	10	NA	1927	"corn"	NA
60	10	NA	1927	"corn"	NA
61	10	NA	1927	"corn"	NA
62	10	NA	1927	"corn"	NA
63	10	NA	1927	"corn"	NA
64	10	NA	1927	"corn"	NA
65	10	NA	1927	"corn"	NA
66	10	NA	1927	"corn"	NA
67	10	NA	1927	"corn"	NA
68	10	NA	1927	"corn"	NA
69	10	NA	1927	"corn"	NA
70	10	NA	1927	"corn"	NA
71	10	NA	1927	"corn"	NA
72	10	NA	1927	"corn"	NA
73	10	NA	1927	"corn"	NA
74	10	NA	1927	"corn"	NA
75	10	NA	1927	"corn"	NA
76	10	NA	1927	"corn"	NA
77	10	NA	1927	"corn"	NA
78	10	NA	1927	"corn"	NA
79	10	NA	1927	"corn"	NA
80	10	NA	1927	"corn"	NA
81	10	NA	1927	"corn"	NA
82	10	NA	1927	"corn"	NA
83	10	NA	1927	"corn"	NA
84	10	NA	1927	"corn"	NA
1	1	NA	1928	"oats"	NA
2	1	NA	1928	"oats"	NA
3	1	NA	1928	"oats"	NA
4	1	NA	1928	"oats"	NA
5	1	NA	1928	"oats"	NA
6	1	NA	1928	"oats"	NA
7	1	NA	1928	"oats"	NA
8	1	NA	1928	"oats"	NA
9	1	NA	1928	"oats"	NA
10	1	510	1928	"oats"	35.1944
11	1	511	1928	"oats"	25.8136
12	1	512	1928	"oats"	27.2896
13	1	513	1928	"oats"	22.796
14	1	514	1928	"oats"	31.488
15	1	515	1928	"oats"	27.4864
16	1	516	1928	"oats"	32.8
17	1	517	1928	"oats"	27.2896
18	1	518	1928	"oats"	33.5872
19	1	519	1928	"oats"	36.7032
20	1	520	1928	"oats"	36.408
21	1	521	1928	"oats"	38.4088
22	1	522	1928	"oats"	39.0976
23	1	523	1928	"oats"	41.1968
24	1	524	1928	"oats"	46.3136
25	1	525	1928	"oats"	49.692
26	1	526	1928	"oats"	38.212
27	1	527	1928	"oats"	39.196
28	1	528	1928	"oats"	35.3912
29	1	529	1928	"oats"	31.1928
30	1	530	1928	"oats"	35.2928
31	1	531	1928	"oats"	34.5056
32	1	532	1928	"oats"	47.6912
33	1	533	1928	"oats"	24.108
34	1	534	1928	"oats"	40.7048
35	1	535	1928	"oats"	45.7888
36	1	536	1928	"oats"	48.708
37	1	537	1928	"oats"	45.592
38	1	538	1928	"oats"	39.7864
39	1	539	1928	"oats"	38.5072
40	1	301	1928	"oats"	41.0984
41	1	302	1928	"oats"	44.2144
42	1	303	1928	"oats"	45.3952
43	1	304	1928	"oats"	44.116
44	1	305	1928	"oats"	47.1992
45	1	306	1928	"oats"	45.592
46	1	307	1928	"oats"	40.8032
47	1	308	1928	"oats"	38.8024
48	1	309	1928	"oats"	35.916
49	1	310	1928	"oats"	33.6856
50	1	311	1928	"oats"	41.1968
51	1	312	1928	"oats"	37.4904
52	1	313	1928	"oats"	38.704
53	1	314	1928	"oats"	35.4896
54	1	315	1928	"oats"	40.2128
55	1	316	1928	"oats"	36.9
56	1	317	1928	"oats"	39.2944
57	1	318	1928	"oats"	35.096
58	1	319	1928	"oats"	33.5872
59	1	320	1928	"oats"	36.6048
60	1	321	1928	"oats"	40.7048
61	1	322	1928	"oats"	41.984
62	1	323	1928	"oats"	38.0152
63	1	324	1928	"oats"	34.0136
64	1	325	1928	"oats"	37.392
65	1	326	1928	"oats"	36.0144
66	1	327	1928	"oats"	32.0128
67	1	328	1928	"oats"	38.4088
68	1	329	1928	"oats"	31.5864
69	1	330	1928	"oats"	32.9968
70	1	331	1928	"oats"	32.0128
71	1	332	1928	"oats"	31.3896
72	1	333	1928	"oats"	30.8976
73	1	334	1928	"oats"	28.4048
74	1	335	1928	"oats"	27.0928
75	1	336	1928	"oats"	29.4872
76	1	337	1928	"oats"	30.012
77	1	338	1928	"oats"	31.0944
78	1	339	1928	"oats"	25.912
79	1	340	1928	"oats"	34.9976
80	1	341	1928	"oats"	31.5864
81	1	342	1928	"oats"	32.0128
82	1	343	1928	"oats"	31.2912
83	1	344	1928	"oats"	31.6848
84	1	345	1928	"oats"	28.3064
1	2	551	1928	"oats"	28.4048
2	2	552	1928	"oats"	24.3048
3	2	553	1928	"oats"	20.1064
4	2	554	1928	"oats"	21.0904
5	2	555	1928	"oats"	18.7944
6	2	556	1928	"oats"	22.4024
7	2	557	1928	"oats"	22.5008
8	2	558	1928	"oats"	13.5136
9	2	559	1928	"oats"	12.9888
10	2	560	1928	"oats"	25.4856
11	2	561	1928	"oats"	26.7976
12	2	562	1928	"oats"	27.5848
13	2	563	1928	"oats"	26.6992
14	2	564	1928	"oats"	28.1096
15	2	565	1928	"oats"	25.912
16	2	566	1928	"oats"	32.41952
17	2	567	1928	"oats"	25.8136
18	2	568	1928	"oats"	28.4048
19	2	569	1928	"oats"	31.0944
20	2	570	1928	"oats"	44.9032
21	2	571	1928	"oats"	44.5096
22	2	572	1928	"oats"	36.2112
23	2	573	1928	"oats"	35.3912
24	2	574	1928	"oats"	35.916
25	2	575	1928	"oats"	38.704
26	2	576	1928	"oats"	35.916
27	2	577	1928	"oats"	33.6856
28	2	578	1928	"oats"	36.9
29	2	579	1928	"oats"	35.096
30	2	580	1928	"oats"	34.8992
31	2	581	1928	"oats"	30.7008
32	2	582	1928	"oats"	34.604
33	2	583	1928	"oats"	42.5088
34	2	584	1928	"oats"	37.7856
35	2	585	1928	"oats"	45.7888
36	2	586	1928	"oats"	41.3936
37	2	587	1928	"oats"	42.5088
38	2	588	1928	"oats"	44.116
39	2	589	1928	"oats"	39.8848
40	2	351	1928	"oats"	41.2952
41	2	352	1928	"oats"	41.3936
42	2	353	1928	"oats"	47.9864
43	2	354	1928	"oats"	47.7896
44	2	355	1928	"oats"	47.5928
45	2	356	1928	"oats"	41
46	2	357	1928	"oats"	37.5888
47	2	358	1928	"oats"	41.8856
48	2	359	1928	"oats"	34.6368
49	2	360	1928	"oats"	32.7016
50	2	361	1928	"oats"	34.0136
51	2	362	1928	"oats"	30.8976
52	2	363	1928	"oats"	36.0144
53	2	364	1928	"oats"	28.8968
54	2	365	1928	"oats"	32.1112
55	2	366	1928	"oats"	34.0136
56	2	367	1928	"oats"	34.8992
57	2	368	1928	"oats"	34.4072
58	2	369	1928	"oats"	39.2944
59	2	370	1928	"oats"	39.2944
60	2	371	1928	"oats"	40.508
61	2	372	1928	"oats"	32.2096
62	2	373	1928	"oats"	33.0952
63	2	374	1928	"oats"	38.3104
64	2	375	1928	"oats"	36.6048
65	2	376	1928	"oats"	32.4064
66	2	377	1928	"oats"	33.4888
67	2	378	1928	"oats"	33.784
68	2	379	1928	"oats"	24.9936
69	2	380	1928	"oats"	25.7152
70	2	381	1928	"oats"	28.208
71	2	382	1928	"oats"	31.3896
72	2	383	1928	"oats"	32.1112
73	2	384	1928	"oats"	33.1936
74	2	385	1928	"oats"	35.3912
75	2	386	1928	"oats"	30.1104
76	2	387	1928	"oats"	30.2088
77	2	388	1928	"oats"	30.2088
78	2	389	1928	"oats"	32.5048
79	2	390	1928	"oats"	24.6
80	2	391	1928	"oats"	29.192
81	2	392	1928	"oats"	22.1072
82	2	393	1928	"oats"	24.4032
83	2	394	1928	"oats"	27.0928
84	2	395	1928	"oats"	38.4088
1	3	601	1928	"oats"	42.4104
2	3	602	1928	"oats"	45.6904
3	3	603	1928	"oats"	40.4096
4	3	604	1928	"oats"	45.4936
5	3	605	1928	"oats"	24.9936
6	3	606	1928	"oats"	30.504
7	3	607	1928	"oats"	24.9936
8	3	608	1928	"oats"	22.796
9	3	609	1928	"oats"	23.3864
10	3	610	1928	"oats"	25.2888
11	3	611	1928	"oats"	23.3864
12	3	612	1928	"oats"	30.4056
13	3	NA	1928	"oats"	NA
14	3	NA	1928	"oats"	NA
15	3	NA	1928	"oats"	NA
16	3	NA	1928	"oats"	NA
17	3	NA	1928	"oats"	NA
18	3	NA	1928	"oats"	NA
19	3	NA	1928	"oats"	NA
20	3	NA	1928	"oats"	NA
21	3	NA	1928	"oats"	NA
22	3	NA	1928	"oats"	NA
23	3	NA	1928	"oats"	NA
24	3	NA	1928	"oats"	NA
25	3	625	1928	"oats"	47.6912
26	3	626	1928	"oats"	42.1152
27	3	627	1928	"oats"	41.984
28	3	628	1928	"oats"	36.6048
29	3	629	1928	"oats"	30.8976
30	3	630	1928	"oats"	35.7848
31	3	631	1928	"oats"	35.1944
32	3	632	1928	"oats"	31.6848
33	3	633	1928	"oats"	40.1144
34	3	634	1928	"oats"	39.196
35	3	635	1928	"oats"	31.816
36	3	636	1928	"oats"	32.8
37	3	637	1928	"oats"	41.8856
38	3	638	1928	"oats"	39.196
39	3	639	1928	"oats"	39.7864
40	3	401	1928	"oats"	45.1984
41	3	402	1928	"oats"	40.8032
42	3	403	1928	"oats"	44.4112
43	3	404	1928	"oats"	40.7048
44	3	405	1928	"oats"	41
45	3	406	1928	"oats"	31.2912
46	3	407	1928	"oats"	33.3904
47	3	408	1928	"oats"	37.7856
48	3	409	1928	"oats"	37.1952
49	3	410	1928	"oats"	34.9976
50	3	411	1928	"oats"	37.5888
51	3	412	1928	"oats"	29.0936
52	3	413	1928	"oats"	35.1944
53	3	414	1928	"oats"	32.2096
54	3	415	1928	"oats"	43.9848
55	3	416	1928	"oats"	44.9032
56	3	417	1928	"oats"	38.212
57	3	418	1928	"oats"	36.408
58	3	419	1928	"oats"	38.6056
59	3	420	1928	"oats"	33.4888
60	3	421	1928	"oats"	38.4088
61	3	422	1928	"oats"	31.5864
62	3	423	1928	"oats"	37.7856
63	3	424	1928	"oats"	27.388
64	3	425	1928	"oats"	41.5904
65	3	426	1928	"oats"	41.2952
66	3	427	1928	"oats"	40.3112
67	3	428	1928	"oats"	38.6056
68	3	429	1928	"oats"	36.9984
69	3	430	1928	"oats"	33.5872
70	3	431	1928	"oats"	31.816
71	3	432	1928	"oats"	25.7152
72	3	433	1928	"oats"	28.6016
73	3	434	1928	"oats"	32.7016
74	3	435	1928	"oats"	34.8992
75	3	436	1928	"oats"	36.2112
76	3	437	1928	"oats"	34.5056
77	3	438	1928	"oats"	26.6008
78	3	439	1928	"oats"	28.4048
79	3	440	1928	"oats"	27.0928
80	3	441	1928	"oats"	32.5048
81	3	442	1928	"oats"	26.6992
82	3	443	1928	"oats"	27.9128
83	3	444	1928	"oats"	21.9104
84	3	445	1928	"oats"	23.3864
1	4	651	1928	"oats"	39.688
2	4	652	1928	"oats"	43.3616
3	4	653	1928	"oats"	40.9016
4	4	654	1928	"oats"	35.3912
5	4	655	1928	"oats"	33.5872
6	4	656	1928	"oats"	32.1112
7	4	657	1928	"oats"	35.6864
8	4	658	1928	"oats"	29.8152
9	4	659	1928	"oats"	29.0936
10	4	660	1928	"oats"	32.2096
11	4	661	1928	"oats"	27.716
12	4	662	1928	"oats"	26.9944
13	4	NA	1928	"oats"	NA
14	4	NA	1928	"oats"	NA
15	4	NA	1928	"oats"	NA
16	4	NA	1928	"oats"	NA
17	4	NA	1928	"oats"	NA
18	4	NA	1928	"oats"	NA
19	4	NA	1928	"oats"	NA
20	4	NA	1928	"oats"	NA
21	4	NA	1928	"oats"	NA
22	4	NA	1928	"oats"	NA
23	4	NA	1928	"oats"	NA
24	4	NA	1928	"oats"	NA
25	4	675	1928	"oats"	43.4928
26	4	676	1928	"oats"	33.1936
27	4	677	1928	"oats"	40.2128
28	4	678	1928	"oats"	46.904
29	4	679	1928	"oats"	36.408
30	4	680	1928	"oats"	30.7008
31	4	681	1928	"oats"	23.288
32	4	682	1928	"oats"	27.8144
33	4	683	1928	"oats"	35.3912
34	4	684	1928	"oats"	33.1936
35	4	685	1928	"oats"	36.9984
36	4	686	1928	"oats"	33.784
37	4	687	1928	"oats"	29.9136
38	4	688	1928	"oats"	35.588
39	4	689	1928	"oats"	30.504
40	4	451	1928	"oats"	41.0984
41	4	452	1928	"oats"	42.4104
42	4	453	1928	"oats"	39.196
43	4	454	1928	"oats"	37.5888
44	4	455	1928	"oats"	32.9968
45	4	456	1928	"oats"	36.8016
46	4	457	1928	"oats"	34.4072
47	4	458	1928	"oats"	31.2912
48	4	459	1928	"oats"	38.3104
49	4	460	1928	"oats"	34.8008
50	4	461	1928	"oats"	30.2088
51	4	462	1928	"oats"	32.0128
52	4	463	1928	"oats"	26.0104
53	4	464	1928	"oats"	34.4072
54	4	465	1928	"oats"	36.408
55	4	466	1928	"oats"	35.7848
56	4	467	1928	"oats"	33.1936
57	4	468	1928	"oats"	30.996
58	4	469	1928	"oats"	37.1952
59	4	470	1928	"oats"	30.504
60	4	471	1928	"oats"	32.9968
61	4	472	1928	"oats"	29.0936
62	4	473	1928	"oats"	30.3072
63	4	474	1928	"oats"	30.996
64	4	475	1928	"oats"	32.8
65	4	476	1928	"oats"	32.7016
66	4	477	1928	"oats"	31.488
67	4	478	1928	"oats"	34.8008
68	4	479	1928	"oats"	31.488
69	4	480	1928	"oats"	29.2904
70	4	481	1928	"oats"	31.488
71	4	482	1928	"oats"	35.916
72	4	483	1928	"oats"	30.996
73	4	484	1928	"oats"	28.4048
74	4	485	1928	"oats"	28.6016
75	4	486	1928	"oats"	26.6992
76	4	487	1928	"oats"	32.5048
77	4	488	1928	"oats"	28.208
78	4	489	1928	"oats"	24.108
79	4	490	1928	"oats"	24.2064
80	4	491	1928	"oats"	29.8152
81	4	492	1928	"oats"	30.3072
82	4	493	1928	"oats"	24.0096
83	4	494	1928	"oats"	26.896
84	4	495	1928	"oats"	26.9944
1	5	701	1928	"oats"	35.096
2	5	702	1928	"oats"	41.0984
3	5	703	1928	"oats"	39.688
4	5	704	1928	"oats"	46.5104
5	5	705	1928	"oats"	36.9984
6	5	706	1928	"oats"	27.4864
7	5	707	1928	"oats"	35.6864
8	5	708	1928	"oats"	34.604
9	5	709	1928	"oats"	32.5048
10	5	710	1928	"oats"	32.2096
11	5	711	1928	"oats"	33.9152
12	5	712	1928	"oats"	34.8008
13	5	NA	1928	"oats"	NA
14	5	NA	1928	"oats"	NA
15	5	NA	1928	"oats"	NA
16	5	NA	1928	"oats"	NA
17	5	NA	1928	"oats"	NA
18	5	NA	1928	"oats"	NA
19	5	NA	1928	"oats"	NA
20	5	NA	1928	"oats"	NA
21	5	NA	1928	"oats"	NA
22	5	NA	1928	"oats"	NA
23	5	NA	1928	"oats"	NA
24	5	NA	1928	"oats"	NA
25	5	725	1928	"oats"	49.7904
26	5	726	1928	"oats"	39.8848
27	5	727	1928	"oats"	25.3872
28	5	728	1928	"oats"	28.7
29	5	729	1928	"oats"	30.8976
30	5	730	1928	"oats"	34.2104
31	5	731	1928	"oats"	27.8144
32	5	732	1928	"oats"	31.1928
33	5	733	1928	"oats"	41.2952
34	5	734	1928	"oats"	33.1936
35	5	735	1928	"oats"	45.9856
36	5	736	1928	"oats"	28.5032
37	5	737	1928	"oats"	27.8144
38	5	738	1928	"oats"	27.2896
39	5	739	1928	"oats"	26.1088
40	5	NA	1928	"oats"	NA
41	5	NA	1928	"oats"	NA
42	5	NA	1928	"oats"	NA
43	5	NA	1928	"oats"	NA
44	5	NA	1928	"oats"	NA
45	5	NA	1928	"oats"	NA
46	5	NA	1928	"oats"	NA
47	5	NA	1928	"oats"	NA
48	5	NA	1928	"oats"	NA
49	5	NA	1928	"oats"	NA
50	5	NA	1928	"oats"	NA
51	5	NA	1928	"oats"	NA
52	5	NA	1928	"oats"	NA
53	5	NA	1928	"oats"	NA
54	5	NA	1928	"oats"	NA
55	5	NA	1928	"oats"	NA
56	5	NA	1928	"oats"	NA
57	5	NA	1928	"oats"	NA
58	5	NA	1928	"oats"	NA
59	5	NA	1928	"oats"	NA
60	5	NA	1928	"oats"	NA
61	5	NA	1928	"oats"	NA
62	5	NA	1928	"oats"	NA
63	5	NA	1928	"oats"	NA
64	5	NA	1928	"oats"	NA
65	5	NA	1928	"oats"	NA
66	5	NA	1928	"oats"	NA
67	5	NA	1928	"oats"	NA
68	5	NA	1928	"oats"	NA
69	5	NA	1928	"oats"	NA
70	5	NA	1928	"oats"	NA
71	5	NA	1928	"oats"	NA
72	5	NA	1928	"oats"	NA
73	5	NA	1928	"oats"	NA
74	5	NA	1928	"oats"	NA
75	5	NA	1928	"oats"	NA
76	5	NA	1928	"oats"	NA
77	5	NA	1928	"oats"	NA
78	5	NA	1928	"oats"	NA
79	5	NA	1928	"oats"	NA
80	5	NA	1928	"oats"	NA
81	5	NA	1928	"oats"	NA
82	5	NA	1928	"oats"	NA
83	5	NA	1928	"oats"	NA
84	5	NA	1928	"oats"	NA
1	6	751	1928	"oats"	38.9992
2	6	752	1928	"oats"	32.5048
3	6	753	1928	"oats"	38.5072
4	6	754	1928	"oats"	36.408
5	6	755	1928	"oats"	35.1944
6	6	756	1928	"oats"	35.4896
7	6	757	1928	"oats"	23.288
8	6	758	1928	"oats"	28.0112
9	6	759	1928	"oats"	24.6
10	6	760	1928	"oats"	27.4864
11	6	761	1928	"oats"	26.6008
12	6	762	1928	"oats"	29.8152
13	6	NA	1928	"oats"	NA
14	6	NA	1928	"oats"	NA
15	6	NA	1928	"oats"	NA
16	6	NA	1928	"oats"	NA
17	6	NA	1928	"oats"	NA
18	6	NA	1928	"oats"	NA
19	6	NA	1928	"oats"	NA
20	6	NA	1928	"oats"	NA
21	6	NA	1928	"oats"	NA
22	6	NA	1928	"oats"	NA
23	6	NA	1928	"oats"	NA
24	6	NA	1928	"oats"	NA
25	6	775	1928	"oats"	37.2936
26	6	776	1928	"oats"	35.1944
27	6	777	1928	"oats"	27.388
28	6	778	1928	"oats"	26.896
29	6	779	1928	"oats"	26.5024
30	6	780	1928	"oats"	29.8152
31	6	781	1928	"oats"	23.9112
32	6	782	1928	"oats"	30.6024
33	6	783	1928	"oats"	38.704
34	6	784	1928	"oats"	27.4864
35	6	785	1928	"oats"	24.8952
36	6	786	1928	"oats"	28.0112
37	6	787	1928	"oats"	25.3872
38	6	788	1928	"oats"	23.7144
39	6	789	1928	"oats"	22.5992
40	6	NA	1928	"oats"	NA
41	6	NA	1928	"oats"	NA
42	6	NA	1928	"oats"	NA
43	6	NA	1928	"oats"	NA
44	6	NA	1928	"oats"	NA
45	6	NA	1928	"oats"	NA
46	6	NA	1928	"oats"	NA
47	6	NA	1928	"oats"	NA
48	6	NA	1928	"oats"	NA
49	6	NA	1928	"oats"	NA
50	6	NA	1928	"oats"	NA
51	6	NA	1928	"oats"	NA
52	6	NA	1928	"oats"	NA
53	6	NA	1928	"oats"	NA
54	6	NA	1928	"oats"	NA
55	6	NA	1928	"oats"	NA
56	6	NA	1928	"oats"	NA
57	6	NA	1928	"oats"	NA
58	6	NA	1928	"oats"	NA
59	6	NA	1928	"oats"	NA
60	6	NA	1928	"oats"	NA
61	6	NA	1928	"oats"	NA
62	6	NA	1928	"oats"	NA
63	6	NA	1928	"oats"	NA
64	6	NA	1928	"oats"	NA
65	6	NA	1928	"oats"	NA
66	6	NA	1928	"oats"	NA
67	6	NA	1928	"oats"	NA
68	6	NA	1928	"oats"	NA
69	6	NA	1928	"oats"	NA
70	6	NA	1928	"oats"	NA
71	6	NA	1928	"oats"	NA
72	6	NA	1928	"oats"	NA
73	6	NA	1928	"oats"	NA
74	6	NA	1928	"oats"	NA
75	6	NA	1928	"oats"	NA
76	6	NA	1928	"oats"	NA
77	6	NA	1928	"oats"	NA
78	6	NA	1928	"oats"	NA
79	6	NA	1928	"oats"	NA
80	6	NA	1928	"oats"	NA
81	6	NA	1928	"oats"	NA
82	6	NA	1928	"oats"	NA
83	6	NA	1928	"oats"	NA
84	6	NA	1928	"oats"	NA
1	7	801	1928	"oats"	41
2	7	802	1928	"oats"	36.9984
3	7	803	1928	"oats"	30.3072
4	7	804	1928	"oats"	33.6856
5	7	805	1928	"oats"	40.7048
6	7	806	1928	"oats"	38.5072
7	7	807	1928	"oats"	20.8936
8	7	808	1928	"oats"	26.2072
9	7	809	1928	"oats"	21.812
10	7	810	1928	"oats"	19.3848
11	7	811	1928	"oats"	25.912
12	7	812	1928	"oats"	31.0944
13	7	NA	1928	"oats"	NA
14	7	NA	1928	"oats"	NA
15	7	NA	1928	"oats"	NA
16	7	NA	1928	"oats"	NA
17	7	NA	1928	"oats"	NA
18	7	NA	1928	"oats"	NA
19	7	NA	1928	"oats"	NA
20	7	NA	1928	"oats"	NA
21	7	NA	1928	"oats"	NA
22	7	NA	1928	"oats"	NA
23	7	NA	1928	"oats"	NA
24	7	NA	1928	"oats"	NA
25	7	825	1928	"oats"	44.2144
26	7	826	1928	"oats"	34.604
27	7	827	1928	"oats"	26.1088
28	7	NA	1928	"oats"	21.1888
29	7	NA	1928	"oats"	32.0128
30	7	NA	1928	"oats"	19.516
31	7	NA	1928	"oats"	NA
32	7	NA	1928	"oats"	NA
33	7	NA	1928	"oats"	NA
34	7	NA	1928	"oats"	NA
35	7	NA	1928	"oats"	NA
36	7	NA	1928	"oats"	NA
37	7	NA	1928	"oats"	NA
38	7	NA	1928	"oats"	NA
39	7	NA	1928	"oats"	NA
40	7	NA	1928	"oats"	NA
41	7	NA	1928	"oats"	NA
42	7	NA	1928	"oats"	NA
43	7	NA	1928	"oats"	NA
44	7	NA	1928	"oats"	NA
45	7	NA	1928	"oats"	NA
46	7	NA	1928	"oats"	NA
47	7	NA	1928	"oats"	NA
48	7	NA	1928	"oats"	NA
49	7	NA	1928	"oats"	NA
50	7	NA	1928	"oats"	NA
51	7	NA	1928	"oats"	NA
52	7	NA	1928	"oats"	NA
53	7	NA	1928	"oats"	NA
54	7	NA	1928	"oats"	NA
55	7	NA	1928	"oats"	NA
56	7	NA	1928	"oats"	NA
57	7	NA	1928	"oats"	NA
58	7	NA	1928	"oats"	NA
59	7	NA	1928	"oats"	NA
60	7	NA	1928	"oats"	NA
61	7	NA	1928	"oats"	NA
62	7	NA	1928	"oats"	NA
63	7	NA	1928	"oats"	NA
64	7	NA	1928	"oats"	NA
65	7	NA	1928	"oats"	NA
66	7	NA	1928	"oats"	NA
67	7	NA	1928	"oats"	NA
68	7	NA	1928	"oats"	NA
69	7	NA	1928	"oats"	NA
70	7	NA	1928	"oats"	NA
71	7	NA	1928	"oats"	NA
72	7	NA	1928	"oats"	NA
73	7	NA	1928	"oats"	NA
74	7	NA	1928	"oats"	NA
75	7	NA	1928	"oats"	NA
76	7	NA	1928	"oats"	NA
77	7	NA	1928	"oats"	NA
78	7	NA	1928	"oats"	NA
79	7	NA	1928	"oats"	NA
80	7	NA	1928	"oats"	NA
81	7	NA	1928	"oats"	NA
82	7	NA	1928	"oats"	NA
83	7	NA	1928	"oats"	NA
84	7	NA	1928	"oats"	NA
1	8	851	1928	"oats"	39.7864
2	8	852	1928	"oats"	40.7048
3	8	853	1928	"oats"	31.816
4	8	854	1928	"oats"	37.0968
5	8	855	1928	"oats"	38.704
6	8	856	1928	"oats"	30.504
7	8	857	1928	"oats"	16.5968
8	8	858	1928	"oats"	30.2088
9	8	859	1928	"oats"	27.2896
10	8	860	1928	"oats"	21.3856
11	8	861	1928	"oats"	24.8952
12	8	862	1928	"oats"	24.2064
13	8	NA	1928	"oats"	NA
14	8	NA	1928	"oats"	NA
15	8	NA	1928	"oats"	NA
16	8	NA	1928	"oats"	NA
17	8	NA	1928	"oats"	NA
18	8	NA	1928	"oats"	NA
19	8	NA	1928	"oats"	NA
20	8	NA	1928	"oats"	NA
21	8	NA	1928	"oats"	NA
22	8	NA	1928	"oats"	NA
23	8	NA	1928	"oats"	NA
24	8	NA	1928	"oats"	NA
25	8	875	1928	"oats"	34.112
26	8	876	1928	"oats"	39.2944
27	8	877	1928	"oats"	28.7984
28	8	NA	1928	"oats"	36.0144
29	8	NA	1928	"oats"	32.2096
30	8	NA	1928	"oats"	26.404
31	8	NA	1928	"oats"	NA
32	8	NA	1928	"oats"	NA
33	8	NA	1928	"oats"	NA
34	8	NA	1928	"oats"	NA
35	8	NA	1928	"oats"	NA
36	8	NA	1928	"oats"	NA
37	8	NA	1928	"oats"	NA
38	8	NA	1928	"oats"	NA
39	8	NA	1928	"oats"	NA
40	8	NA	1928	"oats"	NA
41	8	NA	1928	"oats"	NA
42	8	NA	1928	"oats"	NA
43	8	NA	1928	"oats"	NA
44	8	NA	1928	"oats"	NA
45	8	NA	1928	"oats"	NA
46	8	NA	1928	"oats"	NA
47	8	NA	1928	"oats"	NA
48	8	NA	1928	"oats"	NA
49	8	NA	1928	"oats"	NA
50	8	NA	1928	"oats"	NA
51	8	NA	1928	"oats"	NA
52	8	NA	1928	"oats"	NA
53	8	NA	1928	"oats"	NA
54	8	NA	1928	"oats"	NA
55	8	NA	1928	"oats"	NA
56	8	NA	1928	"oats"	NA
57	8	NA	1928	"oats"	NA
58	8	NA	1928	"oats"	NA
59	8	NA	1928	"oats"	NA
60	8	NA	1928	"oats"	NA
61	8	NA	1928	"oats"	NA
62	8	NA	1928	"oats"	NA
63	8	NA	1928	"oats"	NA
64	8	NA	1928	"oats"	NA
65	8	NA	1928	"oats"	NA
66	8	NA	1928	"oats"	NA
67	8	NA	1928	"oats"	NA
68	8	NA	1928	"oats"	NA
69	8	NA	1928	"oats"	NA
70	8	NA	1928	"oats"	NA
71	8	NA	1928	"oats"	NA
72	8	NA	1928	"oats"	NA
73	8	NA	1928	"oats"	NA
74	8	NA	1928	"oats"	NA
75	8	NA	1928	"oats"	NA
76	8	NA	1928	"oats"	NA
77	8	NA	1928	"oats"	NA
78	8	NA	1928	"oats"	NA
79	8	NA	1928	"oats"	NA
80	8	NA	1928	"oats"	NA
81	8	NA	1928	"oats"	NA
82	8	NA	1928	"oats"	NA
83	8	NA	1928	"oats"	NA
84	8	NA	1928	"oats"	NA
1	9	901	1928	"oats"	29.9136
2	9	902	1928	"oats"	33.784
3	9	903	1928	"oats"	38.9008
4	9	904	1928	"oats"	32.6032
5	9	905	1928	"oats"	26.5024
6	9	906	1928	"oats"	24.2064
7	9	907	1928	"oats"	21.7136
8	9	908	1928	"oats"	30.2088
9	9	909	1928	"oats"	27.716
10	9	910	1928	"oats"	16.892
11	9	911	1928	"oats"	26.896
12	9	912	1928	"oats"	31.2912
13	9	913	1928	"oats"	29.5856
14	9	914	1928	"oats"	22.5008
15	9	915	1928	"oats"	27.4864
16	9	916	1928	"oats"	19.3848
17	9	917	1928	"oats"	19.7128
18	9	918	1928	"oats"	18.8928
19	9	919	1928	"oats"	19.516
20	9	920	1928	"oats"	23.7144
21	9	921	1928	"oats"	23.616
22	9	922	1928	"oats"	22.796
23	9	923	1928	"oats"	25.912
24	9	924	1928	"oats"	28.1096
25	9	925	1928	"oats"	37.884
26	9	926	1928	"oats"	34.4072
27	9	927	1928	"oats"	28.5032
28	9	NA	1928	"oats"	34.0136
29	9	NA	1928	"oats"	27.2896
30	9	NA	1928	"oats"	25.7152
31	9	NA	1928	"oats"	NA
32	9	NA	1928	"oats"	NA
33	9	NA	1928	"oats"	NA
34	9	NA	1928	"oats"	NA
35	9	NA	1928	"oats"	NA
36	9	NA	1928	"oats"	NA
37	9	NA	1928	"oats"	NA
38	9	NA	1928	"oats"	NA
39	9	NA	1928	"oats"	NA
40	9	NA	1928	"oats"	NA
41	9	NA	1928	"oats"	NA
42	9	NA	1928	"oats"	NA
43	9	NA	1928	"oats"	NA
44	9	NA	1928	"oats"	NA
45	9	NA	1928	"oats"	NA
46	9	NA	1928	"oats"	NA
47	9	NA	1928	"oats"	NA
48	9	NA	1928	"oats"	NA
49	9	NA	1928	"oats"	NA
50	9	NA	1928	"oats"	NA
51	9	NA	1928	"oats"	NA
52	9	NA	1928	"oats"	NA
53	9	NA	1928	"oats"	NA
54	9	NA	1928	"oats"	NA
55	9	NA	1928	"oats"	NA
56	9	NA	1928	"oats"	NA
57	9	NA	1928	"oats"	NA
58	9	NA	1928	"oats"	NA
59	9	NA	1928	"oats"	NA
60	9	NA	1928	"oats"	NA
61	9	NA	1928	"oats"	NA
62	9	NA	1928	"oats"	NA
63	9	NA	1928	"oats"	NA
64	9	NA	1928	"oats"	NA
65	9	NA	1928	"oats"	NA
66	9	NA	1928	"oats"	NA
67	9	NA	1928	"oats"	NA
68	9	NA	1928	"oats"	NA
69	9	NA	1928	"oats"	NA
70	9	NA	1928	"oats"	NA
71	9	NA	1928	"oats"	NA
72	9	NA	1928	"oats"	NA
73	9	NA	1928	"oats"	NA
74	9	NA	1928	"oats"	NA
75	9	NA	1928	"oats"	NA
76	9	NA	1928	"oats"	NA
77	9	NA	1928	"oats"	NA
78	9	NA	1928	"oats"	NA
79	9	NA	1928	"oats"	NA
80	9	NA	1928	"oats"	NA
81	9	NA	1928	"oats"	NA
82	9	NA	1928	"oats"	NA
83	9	NA	1928	"oats"	NA
84	9	NA	1928	"oats"	NA
1	10	951	1928	"oats"	35.7848
2	10	952	1928	"oats"	33.5216
3	10	953	1928	"oats"	43.3944
4	10	954	1928	"oats"	37.7856
5	10	955	1928	"oats"	28.3064
6	10	956	1928	"oats"	27.5848
7	10	957	1928	"oats"	20.008
8	10	958	1928	"oats"	23.0912
9	10	959	1928	"oats"	31.2912
10	10	960	1928	"oats"	24.6
11	10	961	1928	"oats"	27.4864
12	10	962	1928	"oats"	32.5048
13	10	963	1928	"oats"	27.8144
14	10	964	1928	"oats"	31.0944
15	10	965	1928	"oats"	30.6024
16	10	966	1928	"oats"	24.3048
17	10	967	1928	"oats"	22.1072
18	10	968	1928	"oats"	23.288
19	10	969	1928	"oats"	22.6976
20	10	970	1928	"oats"	18.7944
21	10	971	1928	"oats"	20.5984
22	10	972	1928	"oats"	24.5016
23	10	973	1928	"oats"	28.8968
24	10	974	1928	"oats"	26.896
25	10	975	1928	"oats"	33.4888
26	10	976	1928	"oats"	28.4048
27	10	977	1928	"oats"	29.8152
28	10	NA	1928	"oats"	33.4888
29	10	NA	1928	"oats"	32.8
30	10	NA	1928	"oats"	39.0976
31	10	NA	1928	"oats"	NA
32	10	NA	1928	"oats"	NA
33	10	NA	1928	"oats"	NA
34	10	NA	1928	"oats"	NA
35	10	NA	1928	"oats"	NA
36	10	NA	1928	"oats"	NA
37	10	NA	1928	"oats"	NA
38	10	NA	1928	"oats"	NA
39	10	NA	1928	"oats"	NA
40	10	NA	1928	"oats"	NA
41	10	NA	1928	"oats"	NA
42	10	NA	1928	"oats"	NA
43	10	NA	1928	"oats"	NA
44	10	NA	1928	"oats"	NA
45	10	NA	1928	"oats"	NA
46	10	NA	1928	"oats"	NA
47	10	NA	1928	"oats"	NA
48	10	NA	1928	"oats"	NA
49	10	NA	1928	"oats"	NA
50	10	NA	1928	"oats"	NA
51	10	NA	1928	"oats"	NA
52	10	NA	1928	"oats"	NA
53	10	NA	1928	"oats"	NA
54	10	NA	1928	"oats"	NA
55	10	NA	1928	"oats"	NA
56	10	NA	1928	"oats"	NA
57	10	NA	1928	"oats"	NA
58	10	NA	1928	"oats"	NA
59	10	NA	1928	"oats"	NA
60	10	NA	1928	"oats"	NA
61	10	NA	1928	"oats"	NA
62	10	NA	1928	"oats"	NA
63	10	NA	1928	"oats"	NA
64	10	NA	1928	"oats"	NA
65	10	NA	1928	"oats"	NA
66	10	NA	1928	"oats"	NA
67	10	NA	1928	"oats"	NA
68	10	NA	1928	"oats"	NA
69	10	NA	1928	"oats"	NA
70	10	NA	1928	"oats"	NA
71	10	NA	1928	"oats"	NA
72	10	NA	1928	"oats"	NA
73	10	NA	1928	"oats"	NA
74	10	NA	1928	"oats"	NA
75	10	NA	1928	"oats"	NA
76	10	NA	1928	"oats"	NA
77	10	NA	1928	"oats"	NA
78	10	NA	1928	"oats"	NA
79	10	NA	1928	"oats"	NA
80	10	NA	1928	"oats"	NA
81	10	NA	1928	"oats"	NA
82	10	NA	1928	"oats"	NA
83	10	NA	1928	"oats"	NA
84	10	NA	1928	"oats"	NA
1	1	NA	1929	"wheat"	NA
2	1	NA	1929	"wheat"	NA
3	1	NA	1929	"wheat"	NA
4	1	NA	1929	"wheat"	NA
5	1	NA	1929	"wheat"	NA
6	1	NA	1929	"wheat"	NA
7	1	NA	1929	"wheat"	NA
8	1	NA	1929	"wheat"	NA
9	1	NA	1929	"wheat"	NA
10	1	510	1929	"wheat"	25.3946
11	1	511	1929	"wheat"	20.6998
12	1	512	1929	"wheat"	21.5922
13	1	513	1929	"wheat"	22.407
14	1	514	1929	"wheat"	19.8074
15	1	515	1929	"wheat"	22.1936
16	1	516	1929	"wheat"	19.497
17	1	517	1929	"wheat"	16.8974
18	1	518	1929	"wheat"	16.8974
19	1	519	1929	"wheat"	22.0966
20	1	520	1929	"wheat"	22.795
21	1	521	1929	"wheat"	22.504
22	1	522	1929	"wheat"	24.7932
23	1	523	1929	"wheat"	26.5974
24	1	524	1929	"wheat"	29.6044
25	1	525	1929	"wheat"	26.093
26	1	526	1929	"wheat"	21.9026
27	1	527	1929	"wheat"	22.892
28	1	528	1929	"wheat"	23.5904
29	1	529	1929	"wheat"	23.1054
30	1	530	1929	"wheat"	22.504
31	1	531	1929	"wheat"	22.1936
32	1	532	1929	"wheat"	27.8972
33	1	533	1929	"wheat"	27.7032
34	1	534	1929	"wheat"	25.3946
35	1	535	1929	"wheat"	24.7932
36	1	536	1929	"wheat"	23.8038
37	1	537	1929	"wheat"	25.802
38	1	538	1929	"wheat"	23.1054
39	1	539	1929	"wheat"	18.2942
40	1	301	1929	"wheat"	25.2976
41	1	302	1929	"wheat"	25.705
42	1	303	1929	"wheat"	24.5992
43	1	304	1929	"wheat"	24.9096
44	1	305	1929	"wheat"	24.9096
45	1	306	1929	"wheat"	18.2942
46	1	307	1929	"wheat"	15.6946
47	1	308	1929	"wheat"	16.005
48	1	309	1929	"wheat"	13.8904
49	1	310	1929	"wheat"	18.0032
50	1	311	1929	"wheat"	18.7986
51	1	312	1929	"wheat"	15.5006
52	1	313	1929	"wheat"	18.0032
53	1	314	1929	"wheat"	17.4018
54	1	315	1929	"wheat"	17.5958
55	1	316	1929	"wheat"	19.206
56	1	317	1929	"wheat"	15.7916
57	1	318	1929	"wheat"	16.8974
58	1	319	1929	"wheat"	18.2942
59	1	320	1929	"wheat"	20.0014
60	1	321	1929	"wheat"	23.2024
61	1	322	1929	"wheat"	23.2994
62	1	323	1929	"wheat"	21.3982
63	1	324	1929	"wheat"	16.199
64	1	325	1929	"wheat"	16.7034
65	1	326	1929	"wheat"	14.8022
66	1	327	1929	"wheat"	17.5958
67	1	328	1929	"wheat"	23.3964
68	1	329	1929	"wheat"	17.4988
69	1	330	1929	"wheat"	17.9062
70	1	331	1929	"wheat"	15.6946
71	1	332	1929	"wheat"	8.4972
72	1	333	1929	"wheat"	9.0016
73	1	334	1929	"wheat"	12.901
74	1	335	1929	"wheat"	17.2078
75	1	336	1929	"wheat"	17.4018
76	1	337	1929	"wheat"	17.4988
77	1	338	1929	"wheat"	20.8938
78	1	339	1929	"wheat"	18.8956
79	1	340	1929	"wheat"	24.9096
80	1	341	1929	"wheat"	24.7932
81	1	342	1929	"wheat"	24.3082
82	1	343	1929	"wheat"	25.0066
83	1	344	1929	"wheat"	25.608
84	1	345	1929	"wheat"	24.0948
1	2	551	1929	"wheat"	25.705
2	2	552	1929	"wheat"	21.4952
3	2	553	1929	"wheat"	19.303
4	2	554	1929	"wheat"	18.7016
5	2	555	1929	"wheat"	19.9044
6	2	556	1929	"wheat"	17.4988
7	2	557	1929	"wheat"	20.1954
8	2	558	1929	"wheat"	14.3948
9	2	559	1929	"wheat"	11.1938
10	2	560	1929	"wheat"	19.9044
11	2	561	1929	"wheat"	17.3048
12	2	562	1929	"wheat"	20.4864
13	2	563	1929	"wheat"	21.9026
14	2	564	1929	"wheat"	21.5922
15	2	565	1929	"wheat"	17.4988
16	2	566	1929	"wheat"	17.0914
17	2	567	1929	"wheat"	18.2942
18	2	568	1929	"wheat"	15.5976
19	2	569	1929	"wheat"	17.0914
20	2	570	1929	"wheat"	25.899
21	2	571	1929	"wheat"	26.7914
22	2	572	1929	"wheat"	23.8038
23	2	573	1929	"wheat"	21.2042
24	2	574	1929	"wheat"	24.9096
25	2	575	1929	"wheat"	21.9026
26	2	576	1929	"wheat"	22.698
27	2	577	1929	"wheat"	18.7986
28	2	578	1929	"wheat"	19.8074
29	2	579	1929	"wheat"	17.4018
30	2	580	1929	"wheat"	19.8074
31	2	581	1929	"wheat"	17.6928
32	2	582	1929	"wheat"	20.8938
33	2	583	1929	"wheat"	20.8938
34	2	584	1929	"wheat"	22.504
35	2	585	1929	"wheat"	21.7086
36	2	586	1929	"wheat"	20.2924
37	2	587	1929	"wheat"	23.1054
38	2	588	1929	"wheat"	23.1054
39	2	589	1929	"wheat"	20.4088
40	2	351	1929	"wheat"	20.6028
41	2	352	1929	"wheat"	20.4088
42	2	353	1929	"wheat"	24.4052
43	2	354	1929	"wheat"	25.1036
44	2	355	1929	"wheat"	22.2906
45	2	356	1929	"wheat"	24.5022
46	2	357	1929	"wheat"	16.296
47	2	358	1929	"wheat"	13.7934
48	2	359	1929	"wheat"	15.3066
49	2	360	1929	"wheat"	15.908
50	2	361	1929	"wheat"	18.5076
51	2	362	1929	"wheat"	16.5094
52	2	363	1929	"wheat"	17.5958
53	2	364	1929	"wheat"	16.8004
54	2	365	1929	"wheat"	19.109
55	2	366	1929	"wheat"	20.6998
56	2	367	1929	"wheat"	20.1954
57	2	368	1929	"wheat"	20.8938
58	2	369	1929	"wheat"	21.3982
59	2	370	1929	"wheat"	21.9026
60	2	371	1929	"wheat"	20.1954
61	2	372	1929	"wheat"	17.4988
62	2	373	1929	"wheat"	19.4
63	2	374	1929	"wheat"	21.9026
64	2	375	1929	"wheat"	20.6998
65	2	376	1929	"wheat"	16.7034
66	2	377	1929	"wheat"	16.9944
67	2	378	1929	"wheat"	17.4018
68	2	379	1929	"wheat"	16.7034
69	2	380	1929	"wheat"	12.2996
70	2	381	1929	"wheat"	13.6964
71	2	382	1929	"wheat"	12.901
72	2	383	1929	"wheat"	19.8074
73	2	384	1929	"wheat"	17.9062
74	2	385	1929	"wheat"	12.804
75	2	386	1929	"wheat"	13.7934
76	2	387	1929	"wheat"	16.9944
77	2	388	1929	"wheat"	16.9944
78	2	389	1929	"wheat"	17.4018
79	2	390	1929	"wheat"	18.3912
80	2	391	1929	"wheat"	19.497
81	2	392	1929	"wheat"	16.9944
82	2	393	1929	"wheat"	23.5904
83	2	394	1929	"wheat"	27.2958
84	2	395	1929	"wheat"	28.809
1	3	601	1929	"wheat"	33.6008
2	3	602	1929	"wheat"	32.7084
3	3	603	1929	"wheat"	24.2694
4	3	604	1929	"wheat"	28.2076
5	3	605	1929	"wheat"	19.8074
6	3	606	1929	"wheat"	20.0014
7	3	607	1929	"wheat"	21.4952
8	3	608	1929	"wheat"	15.0932
9	3	609	1929	"wheat"	16.199
10	3	610	1929	"wheat"	18.2942
11	3	611	1929	"wheat"	14.6082
12	3	612	1929	"wheat"	19.9044
13	3	NA	1929	"wheat"	NA
14	3	NA	1929	"wheat"	NA
15	3	NA	1929	"wheat"	NA
16	3	NA	1929	"wheat"	NA
17	3	NA	1929	"wheat"	NA
18	3	NA	1929	"wheat"	NA
19	3	NA	1929	"wheat"	NA
20	3	NA	1929	"wheat"	NA
21	3	NA	1929	"wheat"	NA
22	3	NA	1929	"wheat"	NA
23	3	NA	1929	"wheat"	NA
24	3	NA	1929	"wheat"	NA
25	3	625	1929	"wheat"	22.504
26	3	626	1929	"wheat"	20.6998
27	3	627	1929	"wheat"	23.9978
28	3	628	1929	"wheat"	22.698
29	3	629	1929	"wheat"	19.594
30	3	630	1929	"wheat"	16.296
31	3	631	1929	"wheat"	19.594
32	3	632	1929	"wheat"	20.4088
33	3	633	1929	"wheat"	21.2042
34	3	634	1929	"wheat"	22.892
35	3	635	1929	"wheat"	22.1936
36	3	636	1929	"wheat"	21.8056
37	3	637	1929	"wheat"	23.7068
38	3	638	1929	"wheat"	21.1072
39	3	639	1929	"wheat"	22.892
40	3	401	1929	"wheat"	19.303
41	3	402	1929	"wheat"	18.5076
42	3	403	1929	"wheat"	17.5958
43	3	404	1929	"wheat"	20.2924
44	3	405	1929	"wheat"	20.0014
45	3	406	1929	"wheat"	12.998
46	3	407	1929	"wheat"	16.296
47	3	408	1929	"wheat"	15.6946
48	3	409	1929	"wheat"	16.199
49	3	410	1929	"wheat"	17.4988
50	3	411	1929	"wheat"	14.8992
51	3	412	1929	"wheat"	14.6082
52	3	413	1929	"wheat"	17.3048
53	3	414	1929	"wheat"	17.9062
54	3	415	1929	"wheat"	18.8956
55	3	416	1929	"wheat"	24.6962
56	3	417	1929	"wheat"	20.2924
57	3	418	1929	"wheat"	20.5058
58	3	419	1929	"wheat"	15.3066
59	3	420	1929	"wheat"	18.8956
60	3	421	1929	"wheat"	17.4018
61	3	422	1929	"wheat"	20.0014
62	3	423	1929	"wheat"	20.0014
63	3	424	1929	"wheat"	17.4018
64	3	425	1929	"wheat"	17.8092
65	3	426	1929	"wheat"	21.7086
66	3	427	1929	"wheat"	20.2924
67	3	428	1929	"wheat"	21.9996
68	3	429	1929	"wheat"	16.393
69	3	430	1929	"wheat"	14.3948
70	3	431	1929	"wheat"	12.2026
71	3	432	1929	"wheat"	10.9998
72	3	433	1929	"wheat"	15.2096
73	3	434	1929	"wheat"	14.3948
74	3	435	1929	"wheat"	16.8004
75	3	436	1929	"wheat"	17.4988
76	3	437	1929	"wheat"	15.6946
77	3	438	1929	"wheat"	14.1038
78	3	439	1929	"wheat"	13.5024
79	3	440	1929	"wheat"	18.1972
80	3	441	1929	"wheat"	21.3012
81	3	442	1929	"wheat"	23.3964
82	3	443	1929	"wheat"	26.4034
83	3	444	1929	"wheat"	24.1918
84	3	445	1929	"wheat"	26.5974
1	4	651	1929	"wheat"	31.8936
2	4	652	1929	"wheat"	31.4086
3	4	653	1929	"wheat"	28.906
4	4	654	1929	"wheat"	25.899
5	4	655	1929	"wheat"	23.0084
6	4	656	1929	"wheat"	21.3012
7	4	657	1929	"wheat"	21.7086
8	4	658	1929	"wheat"	18.7986
9	4	659	1929	"wheat"	19.206
10	4	660	1929	"wheat"	16.8974
11	4	661	1929	"wheat"	16.005
12	4	662	1929	"wheat"	22.2906
13	4	NA	1929	"wheat"	NA
14	4	NA	1929	"wheat"	NA
15	4	NA	1929	"wheat"	NA
16	4	NA	1929	"wheat"	NA
17	4	NA	1929	"wheat"	NA
18	4	NA	1929	"wheat"	NA
19	4	NA	1929	"wheat"	NA
20	4	NA	1929	"wheat"	NA
21	4	NA	1929	"wheat"	NA
22	4	NA	1929	"wheat"	NA
23	4	NA	1929	"wheat"	NA
24	4	NA	1929	"wheat"	NA
25	4	675	1929	"wheat"	31.1952
26	4	676	1929	"wheat"	25.899
27	4	677	1929	"wheat"	23.9008
28	4	678	1929	"wheat"	25.899
29	4	679	1929	"wheat"	22.601
30	4	680	1929	"wheat"	16.8974
31	4	681	1929	"wheat"	13.5024
32	4	682	1929	"wheat"	14.7052
33	4	683	1929	"wheat"	17.8092
34	4	684	1929	"wheat"	15.7916
35	4	685	1929	"wheat"	16.7034
36	4	686	1929	"wheat"	16.8004
37	4	687	1929	"wheat"	19.206
38	4	688	1929	"wheat"	19.594
39	4	689	1929	"wheat"	17.2078
40	4	451	1929	"wheat"	19.8074
41	4	452	1929	"wheat"	19.594
42	4	453	1929	"wheat"	18.7016
43	4	454	1929	"wheat"	17.0914
44	4	455	1929	"wheat"	16.005
45	4	456	1929	"wheat"	13.6964
46	4	457	1929	"wheat"	14.2978
47	4	458	1929	"wheat"	12.804
48	4	459	1929	"wheat"	13.8904
49	4	460	1929	"wheat"	13.5994
50	4	461	1929	"wheat"	10.4954
51	4	462	1929	"wheat"	13.5024
52	4	463	1929	"wheat"	13.095
53	4	464	1929	"wheat"	15.908
54	4	465	1929	"wheat"	14.6082
55	4	466	1929	"wheat"	17.4988
56	4	467	1929	"wheat"	17.2078
57	4	468	1929	"wheat"	15.7916
58	4	469	1929	"wheat"	16.296
59	4	470	1929	"wheat"	10.4954
60	4	471	1929	"wheat"	13.8904
61	4	472	1929	"wheat"	14.8992
62	4	473	1929	"wheat"	18.0032
63	4	474	1929	"wheat"	12.707
64	4	475	1929	"wheat"	15.7916
65	4	476	1929	"wheat"	14.4918
66	4	477	1929	"wheat"	4.3068
67	4	478	1929	"wheat"	14.0068
68	4	479	1929	"wheat"	9.991
69	4	480	1929	"wheat"	10.2044
70	4	481	1929	"wheat"	8.2062
71	4	482	1929	"wheat"	12.804
72	4	483	1929	"wheat"	13.6964
73	4	484	1929	"wheat"	10.4954
74	4	485	1929	"wheat"	11.6982
75	4	486	1929	"wheat"	12.4936
76	4	487	1929	"wheat"	14.7052
77	4	488	1929	"wheat"	14.1038
78	4	489	1929	"wheat"	15.908
79	4	490	1929	"wheat"	14.2978
80	4	491	1929	"wheat"	21.3982
81	4	492	1929	"wheat"	23.4934
82	4	493	1929	"wheat"	23.1054
83	4	494	1929	"wheat"	24.0948
84	4	495	1929	"wheat"	24.6962
1	5	701	1929	"wheat"	25.705
2	5	702	1929	"wheat"	25.1036
3	5	703	1929	"wheat"	25.2976
4	5	704	1929	"wheat"	26.093
5	5	705	1929	"wheat"	24.5022
6	5	706	1929	"wheat"	25.608
7	5	707	1929	"wheat"	23.9008
8	5	708	1929	"wheat"	21.3012
9	5	709	1929	"wheat"	22.504
10	5	710	1929	"wheat"	22.601
11	5	711	1929	"wheat"	16.102
12	5	712	1929	"wheat"	17.3048
13	5	NA	1929	"wheat"	NA
14	5	NA	1929	"wheat"	NA
15	5	NA	1929	"wheat"	NA
16	5	NA	1929	"wheat"	NA
17	5	NA	1929	"wheat"	NA
18	5	NA	1929	"wheat"	NA
19	5	NA	1929	"wheat"	NA
20	5	NA	1929	"wheat"	NA
21	5	NA	1929	"wheat"	NA
22	5	NA	1929	"wheat"	NA
23	5	NA	1929	"wheat"	NA
24	5	NA	1929	"wheat"	NA
25	5	725	1929	"wheat"	29.7014
26	5	726	1929	"wheat"	25.899
27	5	727	1929	"wheat"	18.1972
28	5	728	1929	"wheat"	20.0984
29	5	729	1929	"wheat"	20.6028
30	5	730	1929	"wheat"	19.303
31	5	731	1929	"wheat"	16.102
32	5	732	1929	"wheat"	19.594
33	5	733	1929	"wheat"	20.8938
34	5	734	1929	"wheat"	20.7968
35	5	735	1929	"wheat"	16.5094
36	5	736	1929	"wheat"	21.3982
37	5	737	1929	"wheat"	18.9926
38	5	738	1929	"wheat"	20.6998
39	5	739	1929	"wheat"	17.4018
40	5	NA	1929	"wheat"	NA
41	5	NA	1929	"wheat"	NA
42	5	NA	1929	"wheat"	NA
43	5	NA	1929	"wheat"	NA
44	5	NA	1929	"wheat"	NA
45	5	NA	1929	"wheat"	NA
46	5	NA	1929	"wheat"	NA
47	5	NA	1929	"wheat"	NA
48	5	NA	1929	"wheat"	NA
49	5	NA	1929	"wheat"	NA
50	5	NA	1929	"wheat"	NA
51	5	NA	1929	"wheat"	NA
52	5	NA	1929	"wheat"	NA
53	5	NA	1929	"wheat"	NA
54	5	NA	1929	"wheat"	NA
55	5	NA	1929	"wheat"	NA
56	5	NA	1929	"wheat"	NA
57	5	NA	1929	"wheat"	NA
58	5	NA	1929	"wheat"	NA
59	5	NA	1929	"wheat"	NA
60	5	NA	1929	"wheat"	NA
61	5	NA	1929	"wheat"	NA
62	5	NA	1929	"wheat"	NA
63	5	NA	1929	"wheat"	NA
64	5	NA	1929	"wheat"	NA
65	5	NA	1929	"wheat"	NA
66	5	NA	1929	"wheat"	NA
67	5	NA	1929	"wheat"	NA
68	5	NA	1929	"wheat"	NA
69	5	NA	1929	"wheat"	NA
70	5	NA	1929	"wheat"	NA
71	5	NA	1929	"wheat"	NA
72	5	NA	1929	"wheat"	NA
73	5	NA	1929	"wheat"	NA
74	5	NA	1929	"wheat"	NA
75	5	NA	1929	"wheat"	NA
76	5	NA	1929	"wheat"	NA
77	5	NA	1929	"wheat"	NA
78	5	NA	1929	"wheat"	NA
79	5	NA	1929	"wheat"	NA
80	5	NA	1929	"wheat"	NA
81	5	NA	1929	"wheat"	NA
82	5	NA	1929	"wheat"	NA
83	5	NA	1929	"wheat"	NA
84	5	NA	1929	"wheat"	NA
1	6	751	1929	"wheat"	22.601
2	6	752	1929	"wheat"	25.4916
3	6	753	1929	"wheat"	21.9026
4	6	754	1929	"wheat"	26.3064
5	6	755	1929	"wheat"	23.2994
6	6	756	1929	"wheat"	27.1988
7	6	757	1929	"wheat"	16.393
8	6	758	1929	"wheat"	20.8938
9	6	759	1929	"wheat"	19.109
10	6	760	1929	"wheat"	16.102
11	6	761	1929	"wheat"	14.7052
12	6	762	1929	"wheat"	18.1002
13	6	NA	1929	"wheat"	NA
14	6	NA	1929	"wheat"	NA
15	6	NA	1929	"wheat"	NA
16	6	NA	1929	"wheat"	NA
17	6	NA	1929	"wheat"	NA
18	6	NA	1929	"wheat"	NA
19	6	NA	1929	"wheat"	NA
20	6	NA	1929	"wheat"	NA
21	6	NA	1929	"wheat"	NA
22	6	NA	1929	"wheat"	NA
23	6	NA	1929	"wheat"	NA
24	6	NA	1929	"wheat"	NA
25	6	775	1929	"wheat"	27.2958
26	6	776	1929	"wheat"	25.802
27	6	777	1929	"wheat"	19.9044
28	6	778	1929	"wheat"	18.7986
29	6	779	1929	"wheat"	17.6928
30	6	780	1929	"wheat"	17.4018
31	6	781	1929	"wheat"	12.4936
32	6	782	1929	"wheat"	15.5976
33	6	783	1929	"wheat"	19.691
34	6	784	1929	"wheat"	17.9062
35	6	785	1929	"wheat"	17.0914
36	6	786	1929	"wheat"	18.7986
37	6	787	1929	"wheat"	16.5094
38	6	788	1929	"wheat"	18.6046
39	6	789	1929	"wheat"	20.0014
40	6	NA	1929	"wheat"	NA
41	6	NA	1929	"wheat"	NA
42	6	NA	1929	"wheat"	NA
43	6	NA	1929	"wheat"	NA
44	6	NA	1929	"wheat"	NA
45	6	NA	1929	"wheat"	NA
46	6	NA	1929	"wheat"	NA
47	6	NA	1929	"wheat"	NA
48	6	NA	1929	"wheat"	NA
49	6	NA	1929	"wheat"	NA
50	6	NA	1929	"wheat"	NA
51	6	NA	1929	"wheat"	NA
52	6	NA	1929	"wheat"	NA
53	6	NA	1929	"wheat"	NA
54	6	NA	1929	"wheat"	NA
55	6	NA	1929	"wheat"	NA
56	6	NA	1929	"wheat"	NA
57	6	NA	1929	"wheat"	NA
58	6	NA	1929	"wheat"	NA
59	6	NA	1929	"wheat"	NA
60	6	NA	1929	"wheat"	NA
61	6	NA	1929	"wheat"	NA
62	6	NA	1929	"wheat"	NA
63	6	NA	1929	"wheat"	NA
64	6	NA	1929	"wheat"	NA
65	6	NA	1929	"wheat"	NA
66	6	NA	1929	"wheat"	NA
67	6	NA	1929	"wheat"	NA
68	6	NA	1929	"wheat"	NA
69	6	NA	1929	"wheat"	NA
70	6	NA	1929	"wheat"	NA
71	6	NA	1929	"wheat"	NA
72	6	NA	1929	"wheat"	NA
73	6	NA	1929	"wheat"	NA
74	6	NA	1929	"wheat"	NA
75	6	NA	1929	"wheat"	NA
76	6	NA	1929	"wheat"	NA
77	6	NA	1929	"wheat"	NA
78	6	NA	1929	"wheat"	NA
79	6	NA	1929	"wheat"	NA
80	6	NA	1929	"wheat"	NA
81	6	NA	1929	"wheat"	NA
82	6	NA	1929	"wheat"	NA
83	6	NA	1929	"wheat"	NA
84	6	NA	1929	"wheat"	NA
1	7	801	1929	"wheat"	29.6044
2	7	802	1929	"wheat"	25.996
3	7	803	1929	"wheat"	21.8056
4	7	804	1929	"wheat"	21.9026
5	7	805	1929	"wheat"	22.504
6	7	806	1929	"wheat"	19.9044
7	7	807	1929	"wheat"	12.901
8	7	808	1929	"wheat"	15.2096
9	7	809	1929	"wheat"	15.7916
10	7	810	1929	"wheat"	13.4054
11	7	811	1929	"wheat"	14.8022
12	7	812	1929	"wheat"	17.8092
13	7	NA	1929	"wheat"	NA
14	7	NA	1929	"wheat"	NA
15	7	NA	1929	"wheat"	NA
16	7	NA	1929	"wheat"	NA
17	7	NA	1929	"wheat"	NA
18	7	NA	1929	"wheat"	NA
19	7	NA	1929	"wheat"	NA
20	7	NA	1929	"wheat"	NA
21	7	NA	1929	"wheat"	NA
22	7	NA	1929	"wheat"	NA
23	7	NA	1929	"wheat"	NA
24	7	NA	1929	"wheat"	NA
25	7	825	1929	"wheat"	25.2006
26	7	826	1929	"wheat"	24.5022
27	7	827	1929	"wheat"	17.9062
28	7	NA	1929	"wheat"	14.1038
29	7	NA	1929	"wheat"	17.8092
30	7	NA	1929	"wheat"	18.1972
31	7	NA	1929	"wheat"	NA
32	7	NA	1929	"wheat"	NA
33	7	NA	1929	"wheat"	NA
34	7	NA	1929	"wheat"	NA
35	7	NA	1929	"wheat"	NA
36	7	NA	1929	"wheat"	NA
37	7	NA	1929	"wheat"	NA
38	7	NA	1929	"wheat"	NA
39	7	NA	1929	"wheat"	NA
40	7	NA	1929	"wheat"	NA
41	7	NA	1929	"wheat"	NA
42	7	NA	1929	"wheat"	NA
43	7	NA	1929	"wheat"	NA
44	7	NA	1929	"wheat"	NA
45	7	NA	1929	"wheat"	NA
46	7	NA	1929	"wheat"	NA
47	7	NA	1929	"wheat"	NA
48	7	NA	1929	"wheat"	NA
49	7	NA	1929	"wheat"	NA
50	7	NA	1929	"wheat"	NA
51	7	NA	1929	"wheat"	NA
52	7	NA	1929	"wheat"	NA
53	7	NA	1929	"wheat"	NA
54	7	NA	1929	"wheat"	NA
55	7	NA	1929	"wheat"	NA
56	7	NA	1929	"wheat"	NA
57	7	NA	1929	"wheat"	NA
58	7	NA	1929	"wheat"	NA
59	7	NA	1929	"wheat"	NA
60	7	NA	1929	"wheat"	NA
61	7	NA	1929	"wheat"	NA
62	7	NA	1929	"wheat"	NA
63	7	NA	1929	"wheat"	NA
64	7	NA	1929	"wheat"	NA
65	7	NA	1929	"wheat"	NA
66	7	NA	1929	"wheat"	NA
67	7	NA	1929	"wheat"	NA
68	7	NA	1929	"wheat"	NA
69	7	NA	1929	"wheat"	NA
70	7	NA	1929	"wheat"	NA
71	7	NA	1929	"wheat"	NA
72	7	NA	1929	"wheat"	NA
73	7	NA	1929	"wheat"	NA
74	7	NA	1929	"wheat"	NA
75	7	NA	1929	"wheat"	NA
76	7	NA	1929	"wheat"	NA
77	7	NA	1929	"wheat"	NA
78	7	NA	1929	"wheat"	NA
79	7	NA	1929	"wheat"	NA
80	7	NA	1929	"wheat"	NA
81	7	NA	1929	"wheat"	NA
82	7	NA	1929	"wheat"	NA
83	7	NA	1929	"wheat"	NA
84	7	NA	1929	"wheat"	NA
1	8	851	1929	"wheat"	28.809
2	8	852	1929	"wheat"	29.294
3	8	853	1929	"wheat"	22.698
4	8	854	1929	"wheat"	23.0084
5	8	855	1929	"wheat"	22.698
6	8	856	1929	"wheat"	15.4036
7	8	857	1929	"wheat"	13.3084
8	8	858	1929	"wheat"	20.8938
9	8	859	1929	"wheat"	19.109
10	8	860	1929	"wheat"	15.7916
11	8	861	1929	"wheat"	17.4018
12	8	862	1929	"wheat"	16.5094
13	8	NA	1929	"wheat"	NA
14	8	NA	1929	"wheat"	NA
15	8	NA	1929	"wheat"	NA
16	8	NA	1929	"wheat"	NA
17	8	NA	1929	"wheat"	NA
18	8	NA	1929	"wheat"	NA
19	8	NA	1929	"wheat"	NA
20	8	NA	1929	"wheat"	NA
21	8	NA	1929	"wheat"	NA
22	8	NA	1929	"wheat"	NA
23	8	NA	1929	"wheat"	NA
24	8	NA	1929	"wheat"	NA
25	8	875	1929	"wheat"	21.5922
26	8	876	1929	"wheat"	21.4952
27	8	877	1929	"wheat"	17.4988
28	8	NA	1929	"wheat"	20.9908
29	8	NA	1929	"wheat"	18.1972
30	8	NA	1929	"wheat"	25.608
31	8	NA	1929	"wheat"	NA
32	8	NA	1929	"wheat"	NA
33	8	NA	1929	"wheat"	NA
34	8	NA	1929	"wheat"	NA
35	8	NA	1929	"wheat"	NA
36	8	NA	1929	"wheat"	NA
37	8	NA	1929	"wheat"	NA
38	8	NA	1929	"wheat"	NA
39	8	NA	1929	"wheat"	NA
40	8	NA	1929	"wheat"	NA
41	8	NA	1929	"wheat"	NA
42	8	NA	1929	"wheat"	NA
43	8	NA	1929	"wheat"	NA
44	8	NA	1929	"wheat"	NA
45	8	NA	1929	"wheat"	NA
46	8	NA	1929	"wheat"	NA
47	8	NA	1929	"wheat"	NA
48	8	NA	1929	"wheat"	NA
49	8	NA	1929	"wheat"	NA
50	8	NA	1929	"wheat"	NA
51	8	NA	1929	"wheat"	NA
52	8	NA	1929	"wheat"	NA
53	8	NA	1929	"wheat"	NA
54	8	NA	1929	"wheat"	NA
55	8	NA	1929	"wheat"	NA
56	8	NA	1929	"wheat"	NA
57	8	NA	1929	"wheat"	NA
58	8	NA	1929	"wheat"	NA
59	8	NA	1929	"wheat"	NA
60	8	NA	1929	"wheat"	NA
61	8	NA	1929	"wheat"	NA
62	8	NA	1929	"wheat"	NA
63	8	NA	1929	"wheat"	NA
64	8	NA	1929	"wheat"	NA
65	8	NA	1929	"wheat"	NA
66	8	NA	1929	"wheat"	NA
67	8	NA	1929	"wheat"	NA
68	8	NA	1929	"wheat"	NA
69	8	NA	1929	"wheat"	NA
70	8	NA	1929	"wheat"	NA
71	8	NA	1929	"wheat"	NA
72	8	NA	1929	"wheat"	NA
73	8	NA	1929	"wheat"	NA
74	8	NA	1929	"wheat"	NA
75	8	NA	1929	"wheat"	NA
76	8	NA	1929	"wheat"	NA
77	8	NA	1929	"wheat"	NA
78	8	NA	1929	"wheat"	NA
79	8	NA	1929	"wheat"	NA
80	8	NA	1929	"wheat"	NA
81	8	NA	1929	"wheat"	NA
82	8	NA	1929	"wheat"	NA
83	8	NA	1929	"wheat"	NA
84	8	NA	1929	"wheat"	NA
1	9	901	1929	"wheat"	NA
2	9	902	1929	"wheat"	25.0066
3	9	903	1929	"wheat"	23.5904
4	9	904	1929	"wheat"	24.5022
5	9	905	1929	"wheat"	16.9944
6	9	906	1929	"wheat"	12.2026
7	9	907	1929	"wheat"	13.192
8	9	908	1929	"wheat"	17.0914
9	9	909	1929	"wheat"	17.5958
10	9	910	1929	"wheat"	14.9962
11	9	911	1929	"wheat"	16.6064
12	9	912	1929	"wheat"	20.0984
13	9	913	1929	"wheat"	22.407
14	9	914	1929	"wheat"	20.4088
15	9	915	1929	"wheat"	21.9996
16	9	916	1929	"wheat"	6.9064
17	9	917	1929	"wheat"	8.2062
18	9	918	1929	"wheat"	12.998
19	9	919	1929	"wheat"	14.9962
20	9	920	1929	"wheat"	14.6082
21	9	921	1929	"wheat"	15.0932
22	9	922	1929	"wheat"	14.2008
23	9	923	1929	"wheat"	15.2096
24	9	924	1929	"wheat"	16.7034
25	9	925	1929	"wheat"	20.0984
26	9	926	1929	"wheat"	19.497
27	9	927	1929	"wheat"	16.8004
28	9	NA	1929	"wheat"	19.691
29	9	NA	1929	"wheat"	19.497
30	9	NA	1929	"wheat"	24.5022
31	9	NA	1929	"wheat"	NA
32	9	NA	1929	"wheat"	NA
33	9	NA	1929	"wheat"	NA
34	9	NA	1929	"wheat"	NA
35	9	NA	1929	"wheat"	NA
36	9	NA	1929	"wheat"	NA
37	9	NA	1929	"wheat"	NA
38	9	NA	1929	"wheat"	NA
39	9	NA	1929	"wheat"	NA
40	9	NA	1929	"wheat"	NA
41	9	NA	1929	"wheat"	NA
42	9	NA	1929	"wheat"	NA
43	9	NA	1929	"wheat"	NA
44	9	NA	1929	"wheat"	NA
45	9	NA	1929	"wheat"	NA
46	9	NA	1929	"wheat"	NA
47	9	NA	1929	"wheat"	NA
48	9	NA	1929	"wheat"	NA
49	9	NA	1929	"wheat"	NA
50	9	NA	1929	"wheat"	NA
51	9	NA	1929	"wheat"	NA
52	9	NA	1929	"wheat"	NA
53	9	NA	1929	"wheat"	NA
54	9	NA	1929	"wheat"	NA
55	9	NA	1929	"wheat"	NA
56	9	NA	1929	"wheat"	NA
57	9	NA	1929	"wheat"	NA
58	9	NA	1929	"wheat"	NA
59	9	NA	1929	"wheat"	NA
60	9	NA	1929	"wheat"	NA
61	9	NA	1929	"wheat"	NA
62	9	NA	1929	"wheat"	NA
63	9	NA	1929	"wheat"	NA
64	9	NA	1929	"wheat"	NA
65	9	NA	1929	"wheat"	NA
66	9	NA	1929	"wheat"	NA
67	9	NA	1929	"wheat"	NA
68	9	NA	1929	"wheat"	NA
69	9	NA	1929	"wheat"	NA
70	9	NA	1929	"wheat"	NA
71	9	NA	1929	"wheat"	NA
72	9	NA	1929	"wheat"	NA
73	9	NA	1929	"wheat"	NA
74	9	NA	1929	"wheat"	NA
75	9	NA	1929	"wheat"	NA
76	9	NA	1929	"wheat"	NA
77	9	NA	1929	"wheat"	NA
78	9	NA	1929	"wheat"	NA
79	9	NA	1929	"wheat"	NA
80	9	NA	1929	"wheat"	NA
81	9	NA	1929	"wheat"	NA
82	9	NA	1929	"wheat"	NA
83	9	NA	1929	"wheat"	NA
84	9	NA	1929	"wheat"	NA
1	10	951	1929	"wheat"	NA
2	10	952	1929	"wheat"	22.2906
3	10	953	1929	"wheat"	27.9942
4	10	954	1929	"wheat"	24.4052
5	10	955	1929	"wheat"	21.1072
6	10	956	1929	"wheat"	16.9944
7	10	957	1929	"wheat"	18.7986
8	10	958	1929	"wheat"	14.2978
9	10	959	1929	"wheat"	18.3912
10	10	960	1929	"wheat"	16.7034
11	10	961	1929	"wheat"	18.2942
12	10	962	1929	"wheat"	23.8038
13	10	963	1929	"wheat"	22.407
14	10	964	1929	"wheat"	23.2994
15	10	965	1929	"wheat"	24.6962
16	10	966	1929	"wheat"	19.9044
17	10	967	1929	"wheat"	20.1954
18	10	968	1929	"wheat"	19.691
19	10	969	1929	"wheat"	16.9944
20	10	970	1929	"wheat"	16.9944
21	10	971	1929	"wheat"	18.7016
22	10	972	1929	"wheat"	16.199
23	10	973	1929	"wheat"	17.4988
24	10	974	1929	"wheat"	18.5076
25	10	975	1929	"wheat"	19.497
26	10	976	1929	"wheat"	19.594
27	10	977	1929	"wheat"	20.2924
28	10	NA	1929	"wheat"	18.7016
29	10	NA	1929	"wheat"	21.2042
30	10	NA	1929	"wheat"	21.3012
31	10	NA	1929	"wheat"	NA
32	10	NA	1929	"wheat"	NA
33	10	NA	1929	"wheat"	NA
34	10	NA	1929	"wheat"	NA
35	10	NA	1929	"wheat"	NA
36	10	NA	1929	"wheat"	NA
37	10	NA	1929	"wheat"	NA
38	10	NA	1929	"wheat"	NA
39	10	NA	1929	"wheat"	NA
40	10	NA	1929	"wheat"	NA
41	10	NA	1929	"wheat"	NA
42	10	NA	1929	"wheat"	NA
43	10	NA	1929	"wheat"	NA
44	10	NA	1929	"wheat"	NA
45	10	NA	1929	"wheat"	NA
46	10	NA	1929	"wheat"	NA
47	10	NA	1929	"wheat"	NA
48	10	NA	1929	"wheat"	NA
49	10	NA	1929	"wheat"	NA
50	10	NA	1929	"wheat"	NA
51	10	NA	1929	"wheat"	NA
52	10	NA	1929	"wheat"	NA
53	10	NA	1929	"wheat"	NA
54	10	NA	1929	"wheat"	NA
55	10	NA	1929	"wheat"	NA
56	10	NA	1929	"wheat"	NA
57	10	NA	1929	"wheat"	NA
58	10	NA	1929	"wheat"	NA
59	10	NA	1929	"wheat"	NA
60	10	NA	1929	"wheat"	NA
61	10	NA	1929	"wheat"	NA
62	10	NA	1929	"wheat"	NA
63	10	NA	1929	"wheat"	NA
64	10	NA	1929	"wheat"	NA
65	10	NA	1929	"wheat"	NA
66	10	NA	1929	"wheat"	NA
67	10	NA	1929	"wheat"	NA
68	10	NA	1929	"wheat"	NA
69	10	NA	1929	"wheat"	NA
70	10	NA	1929	"wheat"	NA
71	10	NA	1929	"wheat"	NA
72	10	NA	1929	"wheat"	NA
73	10	NA	1929	"wheat"	NA
74	10	NA	1929	"wheat"	NA
75	10	NA	1929	"wheat"	NA
76	10	NA	1929	"wheat"	NA
77	10	NA	1929	"wheat"	NA
78	10	NA	1929	"wheat"	NA
79	10	NA	1929	"wheat"	NA
80	10	NA	1929	"wheat"	NA
81	10	NA	1929	"wheat"	NA
82	10	NA	1929	"wheat"	NA
83	10	NA	1929	"wheat"	NA
84	10	NA	1929	"wheat"	NA
