"year"	"row"	"col"	"yield"	"sugar"	"purity"
1930	1	1	45.3	14.6	85.4
1930	1	2	54	14.41	84.8
1930	1	3	47.7	13.85	81
1930	1	4	50.8	14.24	84.8
1930	1	5	43.3	14.22	83.6
1930	1	6	51.7	13.18	81.9
1930	1	7	47.4	13.66	82.3
1930	1	8	48.1	14.02	85.5
1930	1	9	53.9	14.14	84.2
1930	1	10	54.8	14.58	86.8
1930	2	1	47.8	14.22	84.6
1930	2	2	54.3	14.58	84.8
1930	2	3	47.2	14.29	86.1
1930	2	4	42.6	13.61	82
1930	2	5	41.7	13.66	82.8
1930	2	6	46.1	14.2	87.6
1930	2	7	45.3	13.76	83.4
1930	2	8	47.8	14.17	84.8
1930	2	9	47.3	14.07	85.8
1930	2	10	51.4	14.22	84.6
1930	3	1	46	14.31	84.7
1930	3	2	49.2	14.52	83
1930	3	3	48.5	14.99	85.7
1930	3	4	47.7	14.09	81.4
1930	3	5	46.1	13.76	83.9
1930	3	6	53.4	14.8	86
1930	3	7	49.3	13.9	84.2
1930	3	8	47.6	13.81	82.2
1930	3	9	54.8	14.51	85.4
1930	3	10	59.8	14.36	85.5
1930	4	1	47.3	14.58	84.3
1930	4	2	43.8	14.19	83
1930	4	3	53.4	14.85	88.4
1930	4	4	59.5	13.68	82.9
1930	4	5	40.8	13.37	81.5
1930	4	6	38.8	13.9	84.8
1930	4	7	47.3	13.97	85.2
1930	4	8	43.6	13.51	80.4
1930	4	9	47.6	14.41	85.8
1930	4	10	45.6	14.1	83.9
1930	5	1	43.7	14.14	86.5
1930	5	2	47.7	13.66	83.8
1930	5	3	50.7	14.4	84.2
1930	5	4	45.1	14.17	84.4
1930	5	5	51.5	13.83	82.3
1930	5	6	49	13.2	83
1930	5	7	42.6	14.22	87.2
1930	5	8	41.9	14.34	84.8
1930	5	9	45.5	14.36	85
1930	5	10	42.7	14.63	86.1
1930	6	1	48.1	14.84	86.3
1930	6	2	48.8	13.87	81.1
1930	6	3	57.7	14.41	85.8
1930	6	4	48.1	13.74	80.8
1930	6	5	44.8	14.41	86.3
1930	6	6	41.8	13.69	86.1
1930	6	7	45.7	13.68	83.9
1930	6	8	48.6	14.26	84.4
1930	6	9	49.3	15.19	88.3
1930	6	10	56.3	14.52	84.9
1930	7	1	45.6	15.38	86.4
1930	7	2	46	14.14	84.2
1930	7	3	42.7	13.44	80.5
1930	7	4	42.8	13.95	84
1930	7	5	51.5	13.35	81.4
1930	7	6	47.7	13.71	84.6
1930	7	7	48.8	13.2	83
1930	7	8	47.1	14.43	85.9
1930	7	9	49.4	15.87	89.2
1930	7	10	49.5	14.6	84.4
1930	8	1	48.7	14.82	84.7
1930	8	2	44.9	14.09	82.4
1930	8	3	46	14.38	84.1
1930	8	4	48.3	14.64	84.6
1930	8	5	39	14.29	85.1
1930	8	6	44.7	14.27	84.9
1930	8	7	48.5	13.97	85.2
1930	8	8	41.6	14.58	85.8
1930	8	9	38.3	14.24	83.3
1930	8	10	53	14.16	82.3
1930	9	1	37.1	15.87	89.7
1930	9	2	48.1	13.37	79.6
1930	9	3	39.4	13.66	80.4
1930	9	4	46.3	13.66	80.8
1930	9	5	48.5	13.98	82.2
1930	9	6	50.3	14.58	85.3
1930	9	7	50.2	13.9	81.8
1930	9	8	50	13.51	80.9
1930	9	9	41.9	14.48	85.7
1930	9	10	58.1	15.65	87.4
1930	10	1	41.4	13.74	80.8
1930	10	2	51.2	13.9	82.7
1930	10	3	47.6	14.24	85.8
1930	10	4	46.7	13.76	81.9
1930	10	5	45.2	13.68	82.9
1930	10	6	48.2	13.95	83
1930	10	7	48	13.71	85.7
1930	10	8	51.1	13.53	79.6
1930	10	9	52	14.31	85.2
1930	10	10	59.1	15.04	86.9
1930	11	1	43.3	13.88	81.7
1930	11	2	47.6	13.29	77.7
1930	11	3	52.8	14.87	86
1930	11	4	50.5	14.48	84.7
1930	11	5	47.6	13.71	81.1
1930	11	6	47.6	13.27	79
1930	11	7	48.4	14.27	84.9
1930	11	8	45.3	14.29	84.6
1930	11	9	53.6	15.5	89.1
1930	11	10	57.3	14.87	87
1930	12	1	47.2	14.46	85.6
1930	12	2	51.8	14.31	84.2
1930	12	3	49.6	14.17	83.9
1930	12	4	47.2	14.02	86.5
1930	12	5	48.7	14.16	83.3
1930	12	6	42.8	14.07	85.3
1930	12	7	54.2	14.31	85.2
1930	12	8	55.9	14.14	83.7
1930	12	9	53.3	14.6	85.4
1930	12	10	54.7	15.38	87.9
1930	13	1	52.8	13.81	84.2
1930	13	2	49.7	14.48	86.2
1930	13	3	52.9	13.51	79.9
1930	13	4	52.5	14.82	86.2
1930	13	5	49.4	13.49	82.8
1930	13	6	52.4	14.14	81.7
1930	13	7	54.2	14.05	83.6
1930	13	8	48.2	13.29	80.8
1930	13	9	50.6	14.38	85.1
1930	13	10	51.7	14.9	88.2
1930	14	1	52.5	14.77	85.4
1930	14	2	57.1	14.6	84.4
1930	14	3	50.1	14.34	85.4
1930	14	4	46.2	13.95	83
1930	14	5	53.4	14.07	83.8
1930	14	6	48.7	14	83.3
1930	14	7	52.1	14.25	86.4
1930	14	8	52.6	14.24	84.3
1930	14	9	63.3	15.02	88.9
1930	14	10	52.6	14.02	81
1930	15	1	43.7	14.07	82.8
1930	15	2	43	14.26	82.4
1930	15	3	51	14.78	88.5
1930	15	4	47.3	13.81	82.2
1930	15	5	56.3	14.35	83.4
1930	15	6	44	14.22	84.1
1930	15	7	44.1	13.95	82.5
1930	15	8	43.2	14.36	86
1930	15	9	57.8	14.41	85.8
1930	15	10	50	13.61	80.1
1930	16	1	61.2	14.76	87.3
1930	16	2	56.3	14.03	84
1930	16	3	53.8	13.44	80.5
1930	16	4	54.7	14.22	84.1
1930	16	5	59.1	15.47	86.9
1930	16	6	49.1	13.95	83
1930	16	7	55.7	13.9	83.7
1930	16	8	48	14.58	84.8
1930	16	9	57.6	14.85	87.9
1930	16	10	51.7	14.92	85.8
1930	17	1	55.7	14.76	86.8
1930	17	2	49.7	13.52	84
1930	17	3	55.6	14	83.8
1930	17	4	45.9	14.31	83.7
1930	17	5	54.2	14.65	84.7
1930	17	6	46.4	14.43	84.9
1930	17	7	61.1	14.14	84.7
1930	17	8	54.7	14.79	87.5
1930	17	9	56.4	13.71	80.7
1930	17	10	51.2	15.06	86.1
1930	18	1	43.5	13.51	79.9
1930	18	2	48.5	13.41	79.8
1930	18	3	52.6	14.27	84.4
1930	18	4	50.1	13.74	83.8
1930	18	5	51.6	14.8	84.6
1930	18	6	48.1	13.79	82.6
1930	18	7	52.7	14.48	83.2
1930	18	8	48.1	14.55	82.2
1930	18	9	48	14.02	81
1930	18	10	50.5	14.29	79.8
1930	19	1	59.9	14.31	84.2
1930	19	2	48.7	13.66	83.8
1930	19	3	50.9	14.55	87.1
1930	19	4	48.3	14	84.8
1930	19	5	46.3	14.63	88.1
1930	19	6	51.6	14.09	81.9
1930	19	7	52	13.78	83
1930	19	8	49.6	14.05	86.2
1930	19	9	51.5	14.12	84.6
1930	19	10	55	14.58	84.3
1930	20	1	55.1	14.16	82.8
1930	20	2	55	15.04	87.4
1930	20	3	54.2	14.17	84.8
1930	20	4	49.9	13.88	85.2
1930	20	5	50.3	13.93	83.4
1930	20	6	58.6	13.97	82.2
1930	20	7	58.5	14.75	85.8
1930	20	8	61.6	14.92	87.8
1930	20	9	62.9	14.51	86.4
1930	20	10	58.1	14.66	86.2
1930	21	1	55.4	13.9	83.7
1930	21	2	49.8	13.44	83
1930	21	3	52.8	13.95	84.6
1930	21	4	48.8	14.51	86.4
1930	21	5	49.1	14.58	85.8
1930	21	6	61.7	14.55	85.6
1930	21	7	56.2	14	83.3
1930	21	8	55	14.51	85.9
1930	21	9	56.5	14.6	84.9
1930	21	10	54.8	14.38	81.2
1930	22	1	41.1	14.73	86.6
1930	22	2	46	14.05	84.1
1930	22	3	55.6	14.24	82.3
1930	22	4	51.6	14.94	87.9
1930	22	5	54.1	15.61	90.2
1930	22	6	55.4	14.71	87
1930	22	7	49.2	14.35	83.4
1930	22	8	59.6	14.82	85.7
1930	22	9	59.7	14.84	86.8
1930	22	10	58.5	14.84	82.9
1930	23	1	56	14	83.3
1930	23	2	57.8	13.97	85.7
1930	23	3	52.3	14.43	83.9
1930	23	4	48.8	14.65	84.2
1930	23	5	60	13.95	82.5
1930	23	6	56.2	14.24	83.3
1930	23	7	60	13.43	79.9
1930	23	8	56.2	14.24	84.3
1930	23	9	56.7	13.92	87
1930	23	10	54.5	14.6	84.9
1930	24	1	51.8	14.53	86.5
1930	24	2	53.2	14.25	86.9
1930	24	3	52	13.74	83.8
1930	24	4	49.7	14.19	81.6
1930	24	5	53.2	14.77	84.4
1930	24	6	50.8	13.71	84.1
1930	24	7	47.6	15.19	85.8
1930	24	8	52	14.16	84.3
1930	24	9	67.7	14.12	85.1
1930	24	10	55.9	14.52	84.9
1930	25	1	51.6	13.64	84.7
1930	25	2	49.6	13.61	81.5
1930	25	3	57.1	15.36	89.3
1930	25	4	49.8	14.09	82.9
1930	25	5	60	14.22	87.2
1930	25	6	60.6	14.41	84.8
1930	25	7	57.5	13.83	82.8
1930	25	8	54.5	14.38	85.6
1930	25	9	58.2	14.15	86.3
1930	25	10	45.5	14.82	81.2
1930	26	1	49.8	14.17	83.8
1930	26	2	54.5	13.57	83.8
1930	26	3	47.5	14.21	83.1
1930	26	4	48.1	14.87	85.5
1930	26	5	53.5	14.74	83.3
1930	26	6	49.3	14.45	84
1930	26	7	51	14.31	85.7
1930	26	8	47.2	14.85	87.4
1930	26	9	60.5	13.73	84.2
1930	26	10	59.2	15.02	87.8
1930	27	1	51.3	14.48	85.7
1930	27	2	52	13.15	80.2
1930	27	3	56.3	14.82	86.7
1930	27	4	51.1	14.97	87.5
1930	27	5	54.2	14.12	83.6
1930	27	6	60.6	14.71	86
1930	27	7	65.2	14.02	87.1
1930	27	8	56.9	14.7	85.5
1930	27	9	66.5	13.93	87.6
1930	27	10	58.1	15.19	87.3
1930	28	1	49.2	14.2	85.5
1930	28	2	48.5	14.26	83.4
1930	28	3	59.1	14	83.3
1930	28	4	60.1	14.21	83.1
1930	28	5	63.8	13.88	83.1
1930	28	6	52.5	14.27	86.5
1930	28	7	54.3	14.12	84.6
1930	28	8	58.6	15.19	85.8
1930	28	9	64.7	15.2	88.9
1930	28	10	61.4	14.22	85.7
1930	29	1	50.1	13.78	85.1
1930	29	2	57.6	13.99	84.3
1930	29	3	62.3	14.12	83.1
1930	29	4	56.1	14.48	83.7
1930	29	5	52.3	14.58	83.8
1930	29	6	63.8	14.09	82.4
1930	29	7	59.8	14.43	84.9
1930	29	8	65.3	14.07	83.8
1930	29	9	54.6	14.7	84.5
1930	29	10	50.5	14.68	85.4
1930	30	1	47.6	13.8	80.7
1930	30	2	48.1	14.52	83.9
1930	30	3	48.2	15.43	86.7
1930	30	4	47.6	14.7	85.5
1930	30	5	54.5	14.32	84.2
1930	30	6	45.3	14.31	84.2
1930	30	7	55.2	14.6	83.9
1930	30	8	52.5	13.83	84.8
1930	30	9	50.7	14.75	85.3
1930	30	10	49.5	15.84	88.5
1930	31	1	39.5	13.9	84.8
1930	31	2	40	14.87	86.4
1930	31	3	47	15.01	87.3
1930	31	4	52.1	14.82	84.7
1930	31	5	51.8	15.4	87
1930	31	6	44.8	14.8	87.6
1930	31	7	53.1	14	83.3
1930	31	8	50.7	14.51	86.4
1930	31	9	60.5	14.82	86.7
1930	31	10	54.8	15.41	87.1
1930	32	1	42.2	14.31	84.7
1930	32	2	45.8	14.28	84
1930	32	3	50.3	14.24	82.3
1930	32	4	53.3	14.68	84.9
1930	32	5	47.9	14.14	82.7
1930	32	6	57.1	14.77	83.9
1930	32	7	59.7	14.58	84.8
1930	32	8	55.1	14.31	83.7
1930	32	9	58	14.68	86.9
1930	32	10	43.3	15.75	87.5
1930	33	1	44.9	14.17	85.4
1930	33	2	52.6	15	88.8
1930	33	3	49.5	15.09	84.8
1930	33	4	50	14.55	86.1
1930	33	5	44.5	14.09	81.9
1930	33	6	40.7	14.84	86.3
1930	33	7	49.6	15.24	87.1
1930	33	8	60.6	13.88	83.1
1930	33	9	51.1	14.87	87.5
1930	33	10	55.2	15.07	87.1
1930	34	1	41.7	15.28	85.8
1930	34	2	48.9	14.71	87
1930	34	3	51.3	15.21	86.9
1930	34	4	55.3	15.24	87.6
1930	34	5	45.7	15.47	86.4
1930	34	6	46.7	14.6	84.9
1930	34	7	44.1	14.4	84.7
1930	34	8	46.2	14.21	83.6
1930	34	9	48.6	15.17	82.9
1930	34	10	54	15.3	85.5
1930	35	1	48.8	14.65	86.2
1930	35	2	46.2	14.43	84.9
1930	35	3	49.2	14.58	85.3
1930	35	4	49.9	14.84	85.3
1930	35	5	57.6	14.75	85.8
1930	35	6	48.4	13.9	84.8
1930	35	7	44.8	14.73	86.1
1930	35	8	46.6	14.45	82.6
1930	35	9	51.5	14.82	86.2
1930	35	10	50.4	15.28	86.3
1930	36	1	45.3	14.55	84.1
1930	36	2	52.1	15.17	87.2
1930	36	3	46.7	14.24	79.6
1930	36	4	53.3	14.53	86.5
1930	36	5	53.3	14.16	81.4
1930	36	6	58	14.97	85.1
1930	36	7	50.6	14.48	83.2
1930	36	8	56.6	14.58	83.3
1930	36	9	59.2	15.94	89.6
1930	36	10	55.7	14.28	81.6
1930	37	1	51.1	14.07	86.8
1930	37	2	57.6	15.28	85.8
1930	37	3	51.3	15.94	85.2
1930	37	4	62.3	14.48	83.2
1930	37	5	56.1	14.48	85.2
1930	37	6	47	15.35	85.8
1930	37	7	52	14.79	84.5
1930	37	8	58.7	14.16	81.4
1930	37	9	64.7	14.63	83.6
1930	37	10	54.2	15.9	87.4
1930	38	1	50.7	14.61	86.4
1930	38	2	53.8	14.48	83.7
1930	38	3	50.8	15.45	86.8
1930	38	4	53.1	14.8	86.6
1930	38	5	49.9	14.55	84.1
1930	38	6	52.8	14.84	86.8
1930	38	7	47.6	14.27	84.4
1930	38	8	50.9	14.53	86.5
1930	38	9	55.2	14.51	85.4
1930	38	10	51.2	15.26	86.7
1930	39	1	39.6	15.4	87
1930	39	2	43.6	15.17	84.3
1930	39	3	56.3	15.04	83.6
1930	39	4	50.6	14.31	83.7
1930	39	5	51.7	14.67	82.9
1930	39	6	59.6	13.78	80.1
1930	39	7	57.8	14.27	83.9
1930	39	8	52.1	14.24	82.3
1930	39	9	48.3	15.87	89.2
1930	39	10	58.9	15.83	87.5
1930	40	1	48	14.46	85.1
1930	40	2	50.8	14.38	85.6
1930	40	3	52.1	14.97	85.5
1930	40	4	50.3	14.38	85.6
1930	40	5	54.3	14.46	85.6
1930	40	6	42.6	14.66	86.2
1930	40	7	46.7	14.07	85.3
1930	40	8	49.3	15.22	87.2
1930	40	9	45.6	15	88.2
1930	40	10	56.9	14.14	83.2
1930	41	1	53.8	14.46	84.6
1930	41	2	48.7	14.84	84.3
1930	41	3	49.7	14.63	84.1
1930	41	4	51.9	14.48	86.2
1930	41	5	47.4	14.61	85.9
1930	41	6	48.7	15.04	86.4
1930	41	7	55.2	14.63	84.1
1930	41	8	47.8	15.01	84.8
1930	41	9	50.6	15.5	89.6
1930	41	10	42.5	14.96	83.6
1930	42	1	47.6	13.9	82.7
1930	42	2	46.5	14.29	85.1
1930	42	3	42.5	14.5	81.9
1930	42	4	47.5	14.53	85.5
1930	42	5	46.7	15.04	85.9
1930	42	6	45.5	15.04	86.9
1930	42	7	44.2	15.33	89.1
1930	42	8	45.2	14.31	84.2
1930	42	9	48	15.07	88.6
1930	42	10	42.7	14.53	81.6
1930	43	1	52	14	83.3
1930	43	2	48.8	14.84	85.8
1930	43	3	50.6	14.5	83.8
1930	43	4	46.6	13.95	82.5
1930	43	5	45.5	15.04	85.4
1930	43	6	44.7	14.94	85.5
1930	43	7	48.2	13.92	81.4
1930	43	8	52.8	13.73	79.8
1930	43	9	51.4	14.07	82.8
1930	43	10	50	14.35	83.4
1930	44	1	52	14.58	84.3
1930	44	2	46.4	14.19	85
1930	44	3	45.4	14.48	84.2
1930	44	4	49.1	14.7	85.5
1930	44	5	46.6	14.12	83.1
1930	44	6	46.8	14.16	82.3
1930	44	7	48.7	14.14	84.2
1930	44	8	50.8	14.05	84.6
1930	44	9	55	15.31	89
1930	44	10	47.7	15.29	87.9
1930	45	1	46.1	14.43	84.9
1930	45	2	51.1	14.8	85.1
1930	45	3	51.8	14.09	85.4
1930	45	4	56.4	14.61	86.4
1930	45	5	50.7	14.48	84.2
1930	45	6	47.8	14.83	87.2
1930	45	7	52	14.65	84.2
1930	45	8	54.7	14.92	87.8
1930	45	9	58	14.27	84.4
1930	45	10	52.3	16.23	89.7
1930	46	1	46.5	14.8	85.6
1930	46	2	58.8	14.31	85.2
1930	46	3	51.2	14.8	85.6
1930	46	4	53.4	14.38	84.1
1930	46	5	58.9	14.09	82.4
1930	46	6	44.6	14.58	85.3
1930	46	7	50.6	15.45	86.8
1930	46	8	51.3	13.9	85.3
1930	46	9	55	14.8	87.1
1930	46	10	53.1	14.91	85.2
1930	47	1	57.3	14.41	81
1930	47	2	65.8	14.92	88.8
1930	47	3	52.3	14.21	81.2
1930	47	4	52.6	14.73	84.7
1930	47	5	49	14.46	85.1
1930	47	6	52	14.93	82
1930	47	7	54.8	14.38	81.2
1930	47	8	52.5	14.63	85.1
1930	47	9	55.8	14.99	86.2
1930	47	10	57.5	15.6	87.2
1930	48	1	58.9	14.9	88.2
1930	48	2	65.7	14.43	85.4
1930	48	3	54.7	14.8	86.6
1930	48	4	59.8	14.63	87.1
1930	48	5	57.9	14.8	87.6
1930	48	6	53.7	14.37	86.6
1930	48	7	47.6	14.99	85.7
1930	48	8	52.3	14.55	85.6
1930	48	9	54.2	14.55	85.6
1930	48	10	53.2	15.87	85.3
1930	49	1	42	14.35	82
1930	49	2	47.8	14.05	85.7
1930	49	3	47.3	15.15	88.6
1930	49	4	58.1	14.8	86
1930	49	5	47.4	14.58	84.8
1930	49	6	46.2	14.7	85
1930	49	7	46.5	14.48	85.7
1930	49	8	51.7	15.82	88.4
1930	49	9	45.3	14.89	85.6
1930	49	10	46.6	14.85	87.9
1930	50	1	45.7	15.14	86
1930	50	2	47.5	14.6	84.4
1930	50	3	42	14.68	83.9
1930	50	4	43.7	14.92	86.2
1930	50	5	42	14.66	85.7
1930	50	6	44.1	15.06	84.6
1930	50	7	40.1	15.47	86.9
1930	50	8	48.1	15	86.7
1930	50	9	43	14.76	87.3
1930	50	10	46.5	15.82	89.9
1930	51	1	52.6	15.47	88.4
1930	51	2	53	14.63	84.6
1930	51	3	55	14.22	85.7
1930	51	4	53.5	13.76	81.4
1930	51	5	52.2	14.82	85.7
1930	51	6	56.2	15.07	88.1
1930	51	7	46.7	14.71	86
1930	51	8	56.2	14.92	86.2
1930	51	9	54.9	14.66	86.2
1930	51	10	53.7	15.16	84.7
1930	52	1	41.4	14.92	88.8
1930	52	2	46.1	14.48	85.2
1930	52	3	44.5	14.46	85.6
1930	52	4	49.8	15.01	85.8
1930	52	5	55.7	15.11	85.8
1930	52	6	66.7	15.07	86.6
1930	52	7	63.2	15.19	86.3
1930	52	8	47.5	14.82	86.2
1930	52	9	49.5	15.04	85.9
1930	52	10	46.4	16.18	89.9
1930	53	1	42.3	14.55	84.6
1930	53	2	43.7	14.27	83.9
1930	53	3	46.7	15.1	88.8
1930	53	4	51.7	14.82	86.7
1930	53	5	50.5	15.06	85.1
1930	53	6	52.7	14.8	84.6
1930	53	7	55.5	15.04	87.4
1930	53	8	49	14.92	86.7
1930	53	9	41.6	15.19	86.8
1930	53	10	48.6	15.34	89.7
1930	54	1	40.6	14.63	85.1
1930	54	2	47.5	15.14	86
1930	54	3	45.3	13.83	84.8
1930	54	4	49.6	14.58	85.8
1930	54	5	55	15.09	85.2
1930	54	6	54.1	14.81	84.2
1930	54	7	50.2	14.73	86.7
1930	54	8	51.5	14.87	85
1930	54	9	53.4	15.38	85.9
1930	54	10	48.2	15.41	88.1
1930	55	1	52.3	14.63	86.6
1930	55	2	48.6	14.75	86.3
1930	55	3	49.3	14.99	85.7
1930	55	4	57.6	14.48	83.7
1930	55	5	54	14.34	87
1930	55	6	49.3	15.07	87.6
1930	55	7	46.6	15.01	84.8
1930	55	8	52	14.58	86.3
1930	55	9	56.3	15.35	87.7
1930	55	10	50.8	14.84	84.8
1930	56	1	50.9	15.01	86.8
1930	56	2	49.1	15.41	89.1
1930	56	3	51.3	14.24	84.8
1930	56	4	52.3	15.14	86.5
1930	56	5	50.7	14.92	87.8
1930	56	6	54.2	15.09	84.3
1930	56	7	56.8	15.04	86.4
1930	56	8	55.2	14.6	84.9
1930	56	9	53.1	15.26	87.2
1930	56	10	52.5	15.18	88.3
1930	57	1	56.8	13.86	82.5
1930	57	2	55.6	14.99	87.2
1930	57	3	51.7	14.97	88.1
1930	57	4	55	14.5	83.8
1930	57	5	52.7	16.27	90.9
1930	57	6	53.9	15.37	85.9
1930	57	7	55.4	15.06	85.1
1930	57	8	55.6	14.17	84.9
1930	57	9	52.5	15.19	88.3
1930	57	10	53.2	16.2	90
1930	58	1	56.6	14.14	80.3
1930	58	2	52.1	15	87.7
1930	58	3	46.2	14.85	87.9
1930	58	4	53.3	14.31	84.2
1930	58	5	53.2	14.94	85.9
1930	58	6	52.3	14.29	84.1
1930	58	7	54.2	15.28	86.3
1930	58	8	46.7	15.07	88.1
1930	58	9	55.2	14.52	84.4
1930	58	10	44.2	15.49	86.8
1930	59	1	45.5	15.51	85.2
1930	59	2	50.9	14.7	84.5
1930	59	3	54.6	14.8	86.6
1930	59	4	49.9	14.46	89.3
1930	59	5	55.8	14.24	81.8
1930	59	6	56.5	14.89	86.6
1930	59	7	58.4	14.6	83.9
1930	59	8	47	14.58	86.8
1930	59	9	55	15.24	87.1
1930	59	10	49	15.89	88.8
1930	60	1	55.5	15.31	89
1930	60	2	47.3	14.53	85.5
1930	60	3	58.8	13.95	83
1930	60	4	63	14.98	83.7
1930	60	5	61.9	15.36	84.4
1930	60	6	63.1	14.97	87.5
1930	60	7	55.7	14.73	86.6
1930	60	8	60.3	15.31	88
1930	60	9	57.1	14.7	84.5
1930	60	10	52.3	16.26	88.8
1931	1	1	54.1	NA	NA
1931	2	1	58.7	NA	NA
1931	3	1	68	NA	NA
1931	4	1	58.1	NA	NA
1931	5	1	48.1	NA	NA
1931	6	1	54.3	NA	NA
1931	7	1	49.8	NA	NA
1931	8	1	57.5	NA	NA
1931	9	1	58.2	NA	NA
1931	10	1	58	NA	NA
1931	11	1	63.6	NA	NA
1931	12	1	53.7	NA	NA
1931	13	1	56.1	NA	NA
1931	14	1	57.8	NA	NA
1931	15	1	60	NA	NA
1931	16	1	61	NA	NA
1931	17	1	52.3	NA	NA
1931	18	1	53.1	NA	NA
1931	19	1	61.8	NA	NA
1931	20	1	60.9	NA	NA
1931	21	1	60.1	NA	NA
1931	22	1	61.8	NA	NA
1931	23	1	61.7	NA	NA
1931	24	1	58.3	NA	NA
1931	25	1	55.1	NA	NA
1931	26	1	46.5	NA	NA
1931	27	1	78.4	NA	NA
1931	28	1	48	NA	NA
1931	29	1	75	NA	NA
1931	30	1	70.6	NA	NA
1931	31	1	52.3	NA	NA
1931	32	1	53.6	NA	NA
1931	33	1	65.3	NA	NA
1931	34	1	56.8	NA	NA
1931	35	1	57.4	NA	NA
1931	36	1	53.4	NA	NA
1931	37	1	63.6	NA	NA
1931	38	1	68.3	NA	NA
1931	39	1	67.5	NA	NA
1931	40	1	66.7	NA	NA
1931	41	1	52.8	NA	NA
1931	42	1	68.8	NA	NA
1931	43	1	55	NA	NA
1931	44	1	65.3	NA	NA
1931	45	1	54	NA	NA
1931	46	1	47.1	NA	NA
1931	47	1	51.8	NA	NA
1931	48	1	56.5	NA	NA
1931	49	1	52.6	NA	NA
1931	50	1	60.5	NA	NA
1931	51	1	54.2	NA	NA
1931	52	1	63.5	NA	NA
1931	53	1	55	NA	NA
1931	54	1	51.9	NA	NA
1931	55	1	62.6	NA	NA
1931	56	1	57.4	NA	NA
1931	57	1	52	NA	NA
1931	58	1	49	NA	NA
1931	59	1	52.1	NA	NA
1931	60	1	54	NA	NA
1931	1	2	68.6	NA	NA
1931	2	2	65.3	NA	NA
1931	3	2	54.4	NA	NA
1931	4	2	77.2	NA	NA
1931	5	2	58.9	NA	NA
1931	6	2	64.1	NA	NA
1931	7	2	49.9	NA	NA
1931	8	2	54.2	NA	NA
1931	9	2	60.5	NA	NA
1931	10	2	62	NA	NA
1931	11	2	59.1	NA	NA
1931	12	2	60.9	NA	NA
1931	13	2	55.7	NA	NA
1931	14	2	59.8	NA	NA
1931	15	2	63.6	NA	NA
1931	16	2	59.7	NA	NA
1931	17	2	51.5	NA	NA
1931	18	2	51.2	NA	NA
1931	19	2	60.1	NA	NA
1931	20	2	79.9	NA	NA
1931	21	2	56.6	NA	NA
1931	22	2	70.4	NA	NA
1931	23	2	59.5	NA	NA
1931	24	2	56.8	NA	NA
1931	25	2	52.9	NA	NA
1931	26	2	59.3	NA	NA
1931	27	2	74.7	NA	NA
1931	28	2	56.3	NA	NA
1931	29	2	53	NA	NA
1931	30	2	64	NA	NA
1931	31	2	48.5	NA	NA
1931	32	2	59.9	NA	NA
1931	33	2	70.9	NA	NA
1931	34	2	63.7	NA	NA
1931	35	2	59.3	NA	NA
1931	36	2	56.9	NA	NA
1931	37	2	55.8	NA	NA
1931	38	2	59.8	NA	NA
1931	39	2	57.4	NA	NA
1931	40	2	65.7	NA	NA
1931	41	2	59.8	NA	NA
1931	42	2	62.3	NA	NA
1931	43	2	56.8	NA	NA
1931	44	2	53.2	NA	NA
1931	45	2	59.7	NA	NA
1931	46	2	46.6	NA	NA
1931	47	2	62.7	NA	NA
1931	48	2	55.8	NA	NA
1931	49	2	56.6	NA	NA
1931	50	2	58.6	NA	NA
1931	51	2	59.5	NA	NA
1931	52	2	59.5	NA	NA
1931	53	2	58.6	NA	NA
1931	54	2	53.3	NA	NA
1931	55	2	53.4	NA	NA
1931	56	2	49.5	NA	NA
1931	57	2	59.4	NA	NA
1931	58	2	47	NA	NA
1931	59	2	54.6	NA	NA
1931	60	2	52.3	NA	NA
1931	1	3	64.8	NA	NA
1931	2	3	55.7	NA	NA
1931	3	3	62.4	NA	NA
1931	4	3	59.4	NA	NA
1931	5	3	64.6	NA	NA
1931	6	3	59.5	NA	NA
1931	7	3	54.2	NA	NA
1931	8	3	62	NA	NA
1931	9	3	62.6	NA	NA
1931	10	3	56	NA	NA
1931	11	3	52.5	NA	NA
1931	12	3	56	NA	NA
1931	13	3	64.7	NA	NA
1931	14	3	52.2	NA	NA
1931	15	3	56.4	NA	NA
1931	16	3	54.7	NA	NA
1931	17	3	61.7	NA	NA
1931	18	3	62.7	NA	NA
1931	19	3	58.5	NA	NA
1931	20	3	68.4	NA	NA
1931	21	3	73	NA	NA
1931	22	3	77.9	NA	NA
1931	23	3	62.5	NA	NA
1931	24	3	60.1	NA	NA
1931	25	3	63.1	NA	NA
1931	26	3	50.9	NA	NA
1931	27	3	62.9	NA	NA
1931	28	3	59.6	NA	NA
1931	29	3	59.9	NA	NA
1931	30	3	64.8	NA	NA
1931	31	3	53	NA	NA
1931	32	3	60.2	NA	NA
1931	33	3	61.2	NA	NA
1931	34	3	56.4	NA	NA
1931	35	3	69.5	NA	NA
1931	36	3	58.4	NA	NA
1931	37	3	65.5	NA	NA
1931	38	3	62.7	NA	NA
1931	39	3	57.7	NA	NA
1931	40	3	74.1	NA	NA
1931	41	3	53.7	NA	NA
1931	42	3	58.5	NA	NA
1931	43	3	59.4	NA	NA
1931	44	3	58	NA	NA
1931	45	3	52.4	NA	NA
1931	46	3	63.1	NA	NA
1931	47	3	59.8	NA	NA
1931	48	3	58.1	NA	NA
1931	49	3	64.8	NA	NA
1931	50	3	56.4	NA	NA
1931	51	3	57	NA	NA
1931	52	3	57.1	NA	NA
1931	53	3	57.2	NA	NA
1931	54	3	53	NA	NA
1931	55	3	54.6	NA	NA
1931	56	3	54.4	NA	NA
1931	57	3	50.6	NA	NA
1931	58	3	50.3	NA	NA
1931	59	3	47.3	NA	NA
1931	60	3	50.5	NA	NA
1931	1	4	63.2	NA	NA
1931	2	4	70.1	NA	NA
1931	3	4	64.7	NA	NA
1931	4	4	69.4	NA	NA
1931	5	4	68	NA	NA
1931	6	4	59	NA	NA
1931	7	4	65.6	NA	NA
1931	8	4	61	NA	NA
1931	9	4	56.6	NA	NA
1931	10	4	62.6	NA	NA
1931	11	4	62.3	NA	NA
1931	12	4	53.7	NA	NA
1931	13	4	49.8	NA	NA
1931	14	4	54.7	NA	NA
1931	15	4	58.3	NA	NA
1931	16	4	56	NA	NA
1931	17	4	50.9	NA	NA
1931	18	4	59.3	NA	NA
1931	19	4	49.9	NA	NA
1931	20	4	53.1	NA	NA
1931	21	4	61.2	NA	NA
1931	22	4	58.3	NA	NA
1931	23	4	67.6	NA	NA
1931	24	4	56.3	NA	NA
1931	25	4	61.2	NA	NA
1931	26	4	53.7	NA	NA
1931	27	4	70	NA	NA
1931	28	4	53.7	NA	NA
1931	29	4	55.5	NA	NA
1931	30	4	57.6	NA	NA
1931	31	4	55.8	NA	NA
1931	32	4	62.4	NA	NA
1931	33	4	69.3	NA	NA
1931	34	4	67.8	NA	NA
1931	35	4	56.7	NA	NA
1931	36	4	57.8	NA	NA
1931	37	4	58.6	NA	NA
1931	38	4	57.3	NA	NA
1931	39	4	58.2	NA	NA
1931	40	4	66.7	NA	NA
1931	41	4	62.9	NA	NA
1931	42	4	59.8	NA	NA
1931	43	4	67.6	NA	NA
1931	44	4	57.3	NA	NA
1931	45	4	71.9	NA	NA
1931	46	4	64.1	NA	NA
1931	47	4	52.4	NA	NA
1931	48	4	52.4	NA	NA
1931	49	4	57.6	NA	NA
1931	50	4	53.4	NA	NA
1931	51	4	61	NA	NA
1931	52	4	54.4	NA	NA
1931	53	4	62	NA	NA
1931	54	4	50.2	NA	NA
1931	55	4	60.8	NA	NA
1931	56	4	54.6	NA	NA
1931	57	4	53.7	NA	NA
1931	58	4	47.1	NA	NA
1931	59	4	62.3	NA	NA
1931	60	4	53.2	NA	NA
1931	1	5	50.5	NA	NA
1931	2	5	68	NA	NA
1931	3	5	62.7	NA	NA
1931	4	5	69.1	NA	NA
1931	5	5	59.1	NA	NA
1931	6	5	59	NA	NA
1931	7	5	61.5	NA	NA
1931	8	5	54.3	NA	NA
1931	9	5	61.8	NA	NA
1931	10	5	63	NA	NA
1931	11	5	67.3	NA	NA
1931	12	5	58.1	NA	NA
1931	13	5	66.3	NA	NA
1931	14	5	57	NA	NA
1931	15	5	67.9	NA	NA
1931	16	5	56.6	NA	NA
1931	17	5	48	NA	NA
1931	18	5	58.9	NA	NA
1931	19	5	62.5	NA	NA
1931	20	5	64.2	NA	NA
1931	21	5	66	NA	NA
1931	22	5	56.1	NA	NA
1931	23	5	57.8	NA	NA
1931	24	5	55	NA	NA
1931	25	5	58.9	NA	NA
1931	26	5	60.4	NA	NA
1931	27	5	57.4	NA	NA
1931	28	5	58.9	NA	NA
1931	29	5	55.3	NA	NA
1931	30	5	70.5	NA	NA
1931	31	5	50.7	NA	NA
1931	32	5	56.1	NA	NA
1931	33	5	62.4	NA	NA
1931	34	5	80.7	NA	NA
1931	35	5	65.7	NA	NA
1931	36	5	61.5	NA	NA
1931	37	5	65.3	NA	NA
1931	38	5	58.1	NA	NA
1931	39	5	60.2	NA	NA
1931	40	5	59.7	NA	NA
1931	41	5	60.5	NA	NA
1931	42	5	59.2	NA	NA
1931	43	5	70.9	NA	NA
1931	44	5	59.1	NA	NA
1931	45	5	52.1	NA	NA
1931	46	5	54.8	NA	NA
1931	47	5	61.8	NA	NA
1931	48	5	53.8	NA	NA
1931	49	5	58.7	NA	NA
1931	50	5	59.1	NA	NA
1931	51	5	59.1	NA	NA
1931	52	5	49.5	NA	NA
1931	53	5	53.1	NA	NA
1931	54	5	61	NA	NA
1931	55	5	54.4	NA	NA
1931	56	5	51.7	NA	NA
1931	57	5	70.8	NA	NA
1931	58	5	63.7	NA	NA
1931	59	5	51.9	NA	NA
1931	60	5	55	NA	NA
1931	1	6	58.9	NA	NA
1931	2	6	57.5	NA	NA
1931	3	6	62.5	NA	NA
1931	4	6	63.6	NA	NA
1931	5	6	70.8	NA	NA
1931	6	6	58	NA	NA
1931	7	6	59.4	NA	NA
1931	8	6	57.9	NA	NA
1931	9	6	67.4	NA	NA
1931	10	6	63.2	NA	NA
1931	11	6	56.8	NA	NA
1931	12	6	58.4	NA	NA
1931	13	6	62.6	NA	NA
1931	14	6	57.3	NA	NA
1931	15	6	52.7	NA	NA
1931	16	6	52.7	NA	NA
1931	17	6	65.3	NA	NA
1931	18	6	62.4	NA	NA
1931	19	6	63.4	NA	NA
1931	20	6	66.7	NA	NA
1931	21	6	58	NA	NA
1931	22	6	71	NA	NA
1931	23	6	62.4	NA	NA
1931	24	6	58.9	NA	NA
1931	25	6	59.4	NA	NA
1931	26	6	61.6	NA	NA
1931	27	6	72.3	NA	NA
1931	28	6	56.1	NA	NA
1931	29	6	66	NA	NA
1931	30	6	56.8	NA	NA
1931	31	6	66.2	NA	NA
1931	32	6	55.7	NA	NA
1931	33	6	67.1	NA	NA
1931	34	6	56.5	NA	NA
1931	35	6	56.5	NA	NA
1931	36	6	59.2	NA	NA
1931	37	6	75.7	NA	NA
1931	38	6	63.1	NA	NA
1931	39	6	58.1	NA	NA
1931	40	6	65.4	NA	NA
1931	41	6	57.8	NA	NA
1931	42	6	61.1	NA	NA
1931	43	6	62.7	NA	NA
1931	44	6	55.4	NA	NA
1931	45	6	55.4	NA	NA
1931	46	6	65.6	NA	NA
1931	47	6	53.4	NA	NA
1931	48	6	57	NA	NA
1931	49	6	55.4	NA	NA
1931	50	6	49.5	NA	NA
1931	51	6	61.3	NA	NA
1931	52	6	48.3	NA	NA
1931	53	6	62.7	NA	NA
1931	54	6	55.8	NA	NA
1931	55	6	54.8	NA	NA
1931	56	6	48	NA	NA
1931	57	6	49.1	NA	NA
1931	58	6	69.3	NA	NA
1931	59	6	55	NA	NA
1931	60	6	56.6	NA	NA
1931	1	7	56.9	NA	NA
1931	2	7	51	NA	NA
1931	3	7	56.2	NA	NA
1931	4	7	67	NA	NA
1931	5	7	53.8	NA	NA
1931	6	7	59.4	NA	NA
1931	7	7	62.3	NA	NA
1931	8	7	56.6	NA	NA
1931	9	7	65	NA	NA
1931	10	7	62.3	NA	NA
1931	11	7	62.5	NA	NA
1931	12	7	54.8	NA	NA
1931	13	7	61.6	NA	NA
1931	14	7	55.5	NA	NA
1931	15	7	60.6	NA	NA
1931	16	7	62	NA	NA
1931	17	7	68.4	NA	NA
1931	18	7	62.9	NA	NA
1931	19	7	68.9	NA	NA
1931	20	7	72.2	NA	NA
1931	21	7	60.3	NA	NA
1931	22	7	74.5	NA	NA
1931	23	7	67.1	NA	NA
1931	24	7	60	NA	NA
1931	25	7	64.7	NA	NA
1931	26	7	50.1	NA	NA
1931	27	7	54.7	NA	NA
1931	28	7	58	NA	NA
1931	29	7	54.5	NA	NA
1931	30	7	61.2	NA	NA
1931	31	7	42.9	NA	NA
1931	32	7	52.3	NA	NA
1931	33	7	61.5	NA	NA
1931	34	7	55.8	NA	NA
1931	35	7	55.5	NA	NA
1931	36	7	54.8	NA	NA
1931	37	7	56.5	NA	NA
1931	38	7	60.3	NA	NA
1931	39	7	52.7	NA	NA
1931	40	7	52.7	NA	NA
1931	41	7	52.1	NA	NA
1931	42	7	60.9	NA	NA
1931	43	7	53.3	NA	NA
1931	44	7	58.3	NA	NA
1931	45	7	58	NA	NA
1931	46	7	53.2	NA	NA
1931	47	7	60.8	NA	NA
1931	48	7	58.6	NA	NA
1931	49	7	61.7	NA	NA
1931	50	7	49.8	NA	NA
1931	51	7	63.2	NA	NA
1931	52	7	47.2	NA	NA
1931	53	7	62.9	NA	NA
1931	54	7	60.9	NA	NA
1931	55	7	56.1	NA	NA
1931	56	7	42.9	NA	NA
1931	57	7	47.2	NA	NA
1931	58	7	41.2	NA	NA
1931	59	7	51.3	NA	NA
1931	60	7	40.9	NA	NA
1931	1	8	49.5	NA	NA
1931	2	8	59	NA	NA
1931	3	8	54.8	NA	NA
1931	4	8	55.9	NA	NA
1931	5	8	63.3	NA	NA
1931	6	8	62.1	NA	NA
1931	7	8	72	NA	NA
1931	8	8	51.9	NA	NA
1931	9	8	56.2	NA	NA
1931	10	8	59.5	NA	NA
1931	11	8	65.1	NA	NA
1931	12	8	60.8	NA	NA
1931	13	8	56.6	NA	NA
1931	14	8	52.7	NA	NA
1931	15	8	53.4	NA	NA
1931	16	8	66.5	NA	NA
1931	17	8	58.8	NA	NA
1931	18	8	46.8	NA	NA
1931	19	8	60.7	NA	NA
1931	20	8	63.7	NA	NA
1931	21	8	64.4	NA	NA
1931	22	8	65.9	NA	NA
1931	23	8	63.3	NA	NA
1931	24	8	54.6	NA	NA
1931	25	8	65.2	NA	NA
1931	26	8	66.9	NA	NA
1931	27	8	65.8	NA	NA
1931	28	8	60.5	NA	NA
1931	29	8	72.6	NA	NA
1931	30	8	69.7	NA	NA
1931	31	8	68.6	NA	NA
1931	32	8	56.1	NA	NA
1931	33	8	66	NA	NA
1931	34	8	61.9	NA	NA
1931	35	8	58.8	NA	NA
1931	36	8	61	NA	NA
1931	37	8	63.9	NA	NA
1931	38	8	67.2	NA	NA
1931	39	8	57.9	NA	NA
1931	40	8	69.1	NA	NA
1931	41	8	70.1	NA	NA
1931	42	8	57	NA	NA
1931	43	8	57.7	NA	NA
1931	44	8	58.8	NA	NA
1931	45	8	63.7	NA	NA
1931	46	8	64.2	NA	NA
1931	47	8	55.2	NA	NA
1931	48	8	53.3	NA	NA
1931	49	8	57.3	NA	NA
1931	50	8	57.3	NA	NA
1931	51	8	66	NA	NA
1931	52	8	66.7	NA	NA
1931	53	8	61	NA	NA
1931	54	8	68.5	NA	NA
1931	55	8	60.6	NA	NA
1931	56	8	52.3	NA	NA
1931	57	8	58.8	NA	NA
1931	58	8	55.6	NA	NA
1931	59	8	57.1	NA	NA
1931	60	8	54.5	NA	NA
1931	1	9	51.2	NA	NA
1931	2	9	53.4	NA	NA
1931	3	9	54.1	NA	NA
1931	4	9	55.9	NA	NA
1931	5	9	59	NA	NA
1931	6	9	52.3	NA	NA
1931	7	9	56.7	NA	NA
1931	8	9	63.3	NA	NA
1931	9	9	65	NA	NA
1931	10	9	58.1	NA	NA
1931	11	9	61.8	NA	NA
1931	12	9	59.6	NA	NA
1931	13	9	58	NA	NA
1931	14	9	62.6	NA	NA
1931	15	9	59.8	NA	NA
1931	16	9	60.7	NA	NA
1931	17	9	58.6	NA	NA
1931	18	9	62.4	NA	NA
1931	19	9	68.2	NA	NA
1931	20	9	58.9	NA	NA
1931	21	9	61.9	NA	NA
1931	22	9	72.3	NA	NA
1931	23	9	67.6	NA	NA
1931	24	9	64.5	NA	NA
1931	25	9	53.3	NA	NA
1931	26	9	63.1	NA	NA
1931	27	9	61.2	NA	NA
1931	28	9	57.3	NA	NA
1931	29	9	65	NA	NA
1931	30	9	63.5	NA	NA
1931	31	9	74.1	NA	NA
1931	32	9	56.1	NA	NA
1931	33	9	69.5	NA	NA
1931	34	9	60.1	NA	NA
1931	35	9	63.5	NA	NA
1931	36	9	65.2	NA	NA
1931	37	9	57.5	NA	NA
1931	38	9	64	NA	NA
1931	39	9	56.3	NA	NA
1931	40	9	67.4	NA	NA
1931	41	9	57.4	NA	NA
1931	42	9	60	NA	NA
1931	43	9	61.9	NA	NA
1931	44	9	57.9	NA	NA
1931	45	9	65.3	NA	NA
1931	46	9	68.6	NA	NA
1931	47	9	65.6	NA	NA
1931	48	9	65.8	NA	NA
1931	49	9	60.7	NA	NA
1931	50	9	59	NA	NA
1931	51	9	65.1	NA	NA
1931	52	9	58.7	NA	NA
1931	53	9	63	NA	NA
1931	54	9	69.3	NA	NA
1931	55	9	65.3	NA	NA
1931	56	9	57.7	NA	NA
1931	57	9	64.2	NA	NA
1931	58	9	53.2	NA	NA
1931	59	9	64.3	NA	NA
1931	60	9	54.5	NA	NA
1931	1	10	53.5	NA	NA
1931	2	10	53.8	NA	NA
1931	3	10	59.5	NA	NA
1931	4	10	53.4	NA	NA
1931	5	10	62.9	NA	NA
1931	6	10	60.3	NA	NA
1931	7	10	54.4	NA	NA
1931	8	10	64.9	NA	NA
1931	9	10	56.1	NA	NA
1931	10	10	59	NA	NA
1931	11	10	60.5	NA	NA
1931	12	10	55.2	NA	NA
1931	13	10	50.4	NA	NA
1931	14	10	59.6	NA	NA
1931	15	10	47.4	NA	NA
1931	16	10	55.7	NA	NA
1931	17	10	50	NA	NA
1931	18	10	69.8	NA	NA
1931	19	10	53.3	NA	NA
1931	20	10	49.4	NA	NA
1931	21	10	65.1	NA	NA
1931	22	10	60	NA	NA
1931	23	10	54.5	NA	NA
1931	24	10	59.7	NA	NA
1931	25	10	60.2	NA	NA
1931	26	10	61.2	NA	NA
1931	27	10	52.8	NA	NA
1931	28	10	60.3	NA	NA
1931	29	10	59.2	NA	NA
1931	30	10	51.4	NA	NA
1931	31	10	52.5	NA	NA
1931	32	10	53.7	NA	NA
1931	33	10	61.8	NA	NA
1931	34	10	57	NA	NA
1931	35	10	53.9	NA	NA
1931	36	10	52.8	NA	NA
1931	37	10	59.2	NA	NA
1931	38	10	72.9	NA	NA
1931	39	10	56.5	NA	NA
1931	40	10	55.8	NA	NA
1931	41	10	51.4	NA	NA
1931	42	10	68.1	NA	NA
1931	43	10	61.3	NA	NA
1931	44	10	53.5	NA	NA
1931	45	10	60.6	NA	NA
1931	46	10	58.1	NA	NA
1931	47	10	70	NA	NA
1931	48	10	61.4	NA	NA
1931	49	10	62.5	NA	NA
1931	50	10	61.7	NA	NA
1931	51	10	61.3	NA	NA
1931	52	10	56.9	NA	NA
1931	53	10	60.2	NA	NA
1931	54	10	59.2	NA	NA
1931	55	10	69.3	NA	NA
1931	56	10	40.2	NA	NA
1931	57	10	67.7	NA	NA
1931	58	10	65.3	NA	NA
1931	59	10	60.5	NA	NA
1931	60	10	59.6	NA	NA
