"row"	"col"	"yield"
25	1	17.5
24	1	16.5
23	1	13
22	1	14
21	1	15
20	1	15
19	1	14.5
18	1	16
17	1	16.5
16	1	16
15	1	15.5
14	1	15.5
13	1	17.5
12	1	20
11	1	22
10	1	18.5
9	1	15.5
8	1	15
7	1	14.5
6	1	16
5	1	15.5
4	1	15
3	1	19.5
2	1	17.5
1	1	24
25	2	18.5
24	2	14.5
23	2	15.5
22	2	16
21	2	15
20	2	19
19	2	17.5
18	2	18
17	2	19.5
16	2	24
15	2	23
14	2	20
13	2	22
12	2	27
11	2	16.5
10	2	14
9	2	14
8	2	16.5
7	2	19
6	2	12
5	2	16.5
4	2	16.5
3	2	17
2	2	17.5
1	2	15.5
25	3	18
24	3	14
23	3	15
22	3	15
21	3	16
20	3	16
19	3	18
18	3	16
17	3	19
16	3	23
15	3	18
14	3	16
13	3	20
12	3	18
11	3	16.5
10	3	15.5
9	3	15.5
8	3	15
7	3	16.5
6	3	14
5	3	13.5
4	3	16.5
3	3	17.5
2	3	17
1	3	15
25	4	18
24	4	15
23	4	15
22	4	15.5
21	4	17
20	4	15.5
19	4	17
18	4	15
17	4	23
16	4	19.5
15	4	17.5
14	4	13
13	4	18.5
12	4	19.5
11	4	21
10	4	20.5
9	4	22
8	4	18
7	4	19.5
6	4	16.5
5	4	19
4	4	18
3	4	18
2	4	18
1	4	15.5
25	5	17
24	5	17
23	5	14.5
22	5	14.5
21	5	16.5
20	5	15
19	5	19.5
18	5	19
17	5	21
16	5	19.5
15	5	20
14	5	24
13	5	22
12	5	22
11	5	20.5
10	5	18
9	5	19
8	5	16
7	5	21.5
6	5	15
5	5	17
4	5	16
3	5	17
2	5	21.5
1	5	17.5
25	6	20
24	6	17
23	6	17.5
22	6	12.5
21	6	14
20	6	15.5
19	6	16
18	6	18
17	6	19
16	6	22.5
15	6	21.5
14	6	19.5
13	6	20.5
12	6	21.5
11	6	19.5
10	6	23.5
9	6	20
8	6	22
7	6	19.5
6	6	15
5	6	12
4	6	14
3	6	15
2	6	16
1	6	15
25	7	18.5
24	7	17
23	7	17
22	7	14.5
21	7	15.5
20	7	15.5
19	7	18
18	7	21.5
17	7	23.5
16	7	22
15	7	19
14	7	19.5
13	7	26.5
12	7	23.5
11	7	25
10	7	20
9	7	23.5
8	7	24
7	7	21
6	7	18
5	7	20
4	7	17.5
3	7	18.5
2	7	17
1	7	15
25	8	17
24	8	18.5
23	8	16.5
22	8	18
21	8	16
20	8	13
19	8	15.5
18	8	15.5
17	8	21
16	8	21.5
15	8	23
14	8	22.5
13	8	22
12	8	17
11	8	21.5
10	8	17.5
9	8	18
8	8	18.5
7	8	20
6	8	15.5
5	8	16.5
4	8	17
3	8	17.5
2	8	16
1	8	19.5
25	9	14.5
24	9	14.5
23	9	15.5
22	9	17
21	9	18.5
20	9	14.5
19	9	17.5
18	9	21
17	9	20.5
16	9	20.5
15	9	22
14	9	17
13	9	21.5
12	9	17.5
11	9	24
10	9	18
9	9	18.5
8	9	19.5
7	9	20
6	9	18
5	9	23
4	9	18
3	9	18.5
2	9	17
1	9	17
25	10	14
24	10	17
23	10	15
22	10	14.5
21	10	16.5
20	10	18
19	10	16
18	10	18.5
17	10	20.5
16	10	24
15	10	17
14	10	17
13	10	20.5
12	10	17
11	10	16
10	10	15
9	10	19
8	10	19.5
7	10	20.5
6	10	15
5	10	17
4	10	14
3	10	16
2	10	15.5
1	10	16.5
25	11	14
24	11	15
23	11	16.5
22	11	20
21	11	15
20	11	14.5
19	11	16
18	11	14
17	11	16.5
16	11	20.5
15	11	22
14	11	20
13	11	22.5
12	11	21
11	11	17
10	11	20.5
9	11	24
8	11	19
7	11	19.5
6	11	16
5	11	16
4	11	14.5
3	11	13
2	11	16
1	11	12.5
25	12	15.5
24	12	13.5
23	12	17
22	12	19.5
21	12	14
20	12	13.5
19	12	13
18	12	15
17	12	14.5
16	12	14
15	12	18
14	12	16.5
13	12	21.5
12	12	18
11	12	18.5
10	12	20
9	12	19
8	12	20
7	12	22
6	12	15.5
5	12	14.5
4	12	19
3	12	18
2	12	17.5
1	12	17.5
25	13	14.5
24	13	15.5
23	13	14
22	13	16
21	13	16
20	13	13.5
19	13	15.5
18	13	16.5
17	13	14
16	13	16.5
15	13	19
14	13	20
13	13	18.5
12	13	19
11	13	21.5
10	13	19
9	13	19.5
8	13	23.5
7	13	23
6	13	15.5
5	13	14
4	13	19.5
3	13	19.5
2	13	19
1	13	14
25	14	20.5
24	14	17.5
23	14	17
22	14	15.5
21	14	13
20	14	18
19	14	17
18	14	16.5
17	14	13
16	14	19.5
15	14	19.5
14	14	19.5
13	14	23
12	14	21.5
11	14	23.5
10	14	22
9	14	19.5
8	14	18
7	14	21
6	14	12
5	14	18
4	14	20
3	14	15.5
2	14	18.5
1	14	15.5
25	15	15
24	15	16.5
23	15	14.5
22	15	14.5
21	15	16
20	15	14.5
19	15	18
18	15	18.5
17	15	18
16	15	17.5
15	15	18.5
14	15	15.5
13	15	18
12	15	19
11	15	18.5
10	15	16.5
9	15	15
8	15	18.5
7	15	17
6	15	12
5	15	15.5
4	15	16
3	15	19.5
2	15	19.5
1	15	13.5
25	16	15.5
24	16	22
23	16	19
22	16	13.5
21	16	14
20	16	16.5
19	16	15.5
18	16	17
17	16	17
16	16	27
15	16	22.5
14	16	24
13	16	24.5
12	16	23.5
11	16	15.5
10	16	21
9	16	18
8	16	19
7	16	22
6	16	13
5	16	15.5
4	16	13
3	16	16
2	16	18
1	16	18
25	17	12
24	17	15.5
23	17	15
22	17	12
21	17	15.5
20	17	14
19	17	12.5
18	17	17
17	17	19.5
16	17	24
15	17	19
14	17	22
13	17	17.5
12	17	20
11	17	18
10	17	19.5
9	17	19
8	17	15.5
7	17	21
6	17	20
5	17	13.5
4	17	11
3	17	15.5
2	17	15.5
1	17	21.5
25	18	13.5
24	18	17.5
23	18	15.5
22	18	14
21	18	13
20	18	14.5
19	18	15
18	18	14
17	18	14.5
16	18	23
15	18	21.5
14	18	17.5
13	18	21
12	18	19.5
11	18	22
10	18	22
9	18	16.5
8	18	18
7	18	20
6	18	18.5
5	18	14.5
4	18	19
3	18	14
2	18	16
1	18	14
25	19	16.5
24	19	14
23	19	15
22	19	14
21	19	14
20	19	14
19	19	15.5
18	19	15
17	19	15
16	19	22
15	19	17
14	19	16.5
13	19	17.5
12	19	19
11	19	17
10	19	17
9	19	16
8	19	14.5
7	19	17
6	19	15.5
5	19	14.5
4	19	15
3	19	16.5
2	19	18
1	19	13.5
25	20	12
24	20	15.5
23	20	12
22	20	12.5
21	20	14.5
20	20	18
19	20	14.5
18	20	11
17	20	16.5
16	20	20
15	20	18.5
14	20	17
13	20	21
12	20	21.5
11	20	18
10	20	16.5
9	20	15.5
8	20	14.5
7	20	12
6	20	21.5
5	20	16
4	20	12
3	20	13
2	20	16.5
1	20	16
25	21	14
24	21	14.5
23	21	10.5
22	21	11.5
21	21	16
20	21	18
19	21	14.5
18	21	17.5
17	21	17.5
16	21	19
15	21	19
14	21	20.5
13	21	22
12	21	20.5
11	21	16.5
10	21	18.5
9	21	19
8	21	10.5
7	21	10.5
6	21	19
5	21	19.5
4	21	16
3	21	14
2	21	16
1	21	15.5
25	22	12
24	22	13
23	22	10.5
22	22	12
21	22	12.5
20	22	12.5
19	22	15
18	22	15
17	22	18
16	22	20
15	22	17
14	22	18
13	22	22
12	22	18
11	22	21
10	22	18.5
9	22	21
8	22	16
7	22	17
6	22	20.5
5	22	21.5
4	22	19
3	22	15.5
2	22	15
1	22	14
25	23	13
24	23	12
23	23	12
22	23	15.5
21	23	12
20	23	13.5
19	23	15
18	23	15.5
17	23	16
16	23	17
15	23	15
14	23	15.5
13	23	21.5
12	23	22.5
11	23	13.5
10	23	12
9	23	16
8	23	13.5
7	23	14
6	23	18
5	23	18
4	23	16.5
3	23	13.5
2	23	8
1	23	9.5
25	24	12
24	24	14
23	24	15.5
22	24	13
21	24	16
20	24	15.5
19	24	18.5
18	24	17.5
17	24	18
16	24	17.5
15	24	15.5
14	24	17.5
13	24	19.5
12	24	18
11	24	17
10	24	15.5
9	24	19.5
8	24	15.5
7	24	15
6	24	21.5
5	24	17.5
4	24	15.5
3	24	18
2	24	12.5
1	24	9
25	25	13
24	25	9.5
23	25	12.5
22	25	13
21	25	15.5
20	25	13
19	25	15
18	25	16.5
17	25	20
16	25	18
15	25	16
14	25	18
13	25	17
12	25	15.5
11	25	17
10	25	14.5
9	25	16
8	25	16
7	25	15.5
6	25	21
5	25	17.5
4	25	14.5
3	25	15.5
2	25	14.5
1	25	13
25	26	12.5
24	26	12.5
23	26	13.5
22	26	12
21	26	15.5
20	26	14.5
19	26	14
18	26	17
17	26	15.5
16	26	15
15	26	16
14	26	14.5
13	26	12
12	26	13
11	26	12
10	26	12.5
9	26	15
8	26	14.5
7	26	15.5
6	26	19
5	26	15
4	26	15
3	26	12
2	26	14
1	26	10.5
25	27	11.5
24	27	17.5
23	27	13.5
22	27	15
21	27	15.5
20	27	15
19	27	17
18	27	14.5
17	27	19.5
16	27	17.5
15	27	17
14	27	13
13	27	18
12	27	18
11	27	15.5
10	27	15.5
9	27	14
8	27	17
7	27	19.5
6	27	19
5	27	19.5
4	27	21
3	27	23.5
2	27	24.5
1	27	16.5
25	28	14.5
24	28	17
23	28	14
22	28	14.5
21	28	13
20	28	16.5
19	28	18.5
18	28	17.5
17	28	18.5
16	28	19
15	28	21
14	28	15.5
13	28	20.5
12	28	18
11	28	21
10	28	21
9	28	14
8	28	20.5
7	28	23
6	28	20.5
5	28	16.5
4	28	19
3	28	18.5
2	28	20.5
1	28	17
25	29	15.5
24	29	13
23	29	14
22	29	12
21	29	12
20	29	13.5
19	29	18
18	29	17
17	29	17
16	29	20
15	29	16.5
14	29	16
13	29	23.5
12	29	19
11	29	23
10	29	19.5
9	29	13.5
8	29	19
7	29	19
6	29	18
5	29	20.5
4	29	14.5
3	29	13
2	29	12
1	29	13
25	30	12.5
24	30	16.5
23	30	17
22	30	17
21	30	14
20	30	13
19	30	15.5
18	30	17
17	30	20
16	30	16.5
15	30	14.5
14	30	14.5
13	30	16
12	30	14.5
11	30	22
10	30	18
9	30	15
8	30	13
7	30	15
6	30	15
5	30	22
4	30	12
3	30	10
2	30	10
1	30	12
25	31	15.5
24	31	13.5
23	31	12
22	31	12
21	31	12.5
20	31	14
19	31	13
18	31	14
17	31	15
16	31	14
15	31	16
14	31	15.5
13	31	14
12	31	15.5
11	31	18.5
10	31	15.5
9	31	12
8	31	16
7	31	17
6	31	18
5	31	20.5
4	31	16.5
3	31	15
2	31	14
1	31	17.5
25	32	15
24	32	14
23	32	14
22	32	12.5
21	32	15.5
20	32	18
19	32	14
18	32	13.5
17	32	15
16	32	17
15	32	13
14	32	16
13	32	13
12	32	18.5
11	32	16
10	32	14.5
9	32	15
8	32	12
7	32	15.5
6	32	14.5
5	32	17.5
4	32	14
3	32	14.5
2	32	10
1	32	13.5
25	33	17
24	33	15.5
23	33	13
22	33	15
21	33	15.5
20	33	10.5
19	33	16
18	33	15.5
17	33	15
16	33	15
15	33	16
14	33	13
13	33	14
12	33	16
11	33	14
10	33	14.5
9	33	14
8	33	12
7	33	13
6	33	15.5
5	33	17
4	33	13
3	33	12
2	33	11
1	33	13
25	34	13.5
24	34	14
23	34	14.5
22	34	13.5
21	34	16
20	34	13
19	34	15
18	34	14
17	34	14.5
16	34	13.5
15	34	15.5
14	34	13
13	34	17
12	34	19
11	34	18.5
10	34	16
9	34	15.5
8	34	16
7	34	15.5
6	34	16
5	34	17
4	34	12
3	34	14
2	34	16
1	34	12.5
25	35	13.5
24	35	13
23	35	12.5
22	35	11
21	35	14
20	35	12.5
19	35	14
18	35	12
17	35	14.5
16	35	16
15	35	14.5
14	35	16
13	35	19
12	35	15.5
11	35	17.5
10	35	18
9	35	15.5
8	35	17
7	35	12.5
6	35	18
5	35	19
4	35	14.5
3	35	17
2	35	13.5
1	35	14
25	36	16.5
24	36	15
23	36	13.5
22	36	14.5
21	36	14.5
20	36	11.5
19	36	15
18	36	15
17	36	17
16	36	16
15	36	18.5
14	36	20.5
13	36	22
12	36	19
11	36	19.5
10	36	19
9	36	18
8	36	15.5
7	36	15.5
6	36	16.5
5	36	20.5
4	36	20
3	36	17
2	36	14.5
1	36	15.5
25	37	14
24	37	16.5
23	37	15
22	37	14
21	37	15.5
20	37	14
19	37	14
18	37	14.5
17	37	15
16	37	17.5
15	37	20
14	37	20.5
13	37	22
12	37	19
11	37	21.5
10	37	18.5
9	37	15
8	37	14
7	37	14.5
6	37	16
5	37	17
4	37	14.5
3	37	15.5
2	37	13.5
1	37	13
25	38	19.5
24	38	16
23	38	16.5
22	38	18.5
21	38	16
20	38	14.5
19	38	14.5
18	38	16
17	38	19.5
16	38	14.5
15	38	12.5
14	38	17.5
13	38	25
12	38	20
11	38	19.5
10	38	21.5
9	38	17
8	38	18.5
7	38	13
6	38	20
5	38	20.5
4	38	17
3	38	18.5
2	38	16
1	38	16.5
25	39	18.5
24	39	16
23	39	13.5
22	39	13
21	39	15.5
20	39	14.5
19	39	14.5
18	39	15
17	39	17
16	39	15
15	39	16
14	39	12.5
13	39	13.5
12	39	20
11	39	14.5
10	39	15
9	39	17
8	39	16
7	39	9.5
6	39	13
5	39	15
4	39	12
3	39	10.5
2	39	13
1	39	10.5
25	40	15
24	40	15
23	40	15.5
22	40	15
21	40	16
20	40	13.5
19	40	17
18	40	16.5
17	40	16
16	40	16
15	40	17
14	40	14
13	40	20
12	40	15.5
11	40	13.5
10	40	19.5
9	40	19.5
8	40	17
7	40	17
6	40	16
5	40	18
4	40	13.5
3	40	16
2	40	19.5
1	40	16.5
25	41	15
24	41	14.5
23	41	11.5
22	41	14
21	41	13
20	41	13.5
19	41	17
18	41	16
17	41	17
16	41	15.5
15	41	16
14	41	16.5
13	41	15
12	41	22
11	41	15.5
10	41	16
9	41	18
8	41	16
7	41	13
6	41	15.5
5	41	21
4	41	18
3	41	16.5
2	41	14
1	41	15.5
25	42	12.5
24	42	10
23	42	11
22	42	11
21	42	11
20	42	10.5
19	42	13.5
18	42	14
17	42	14.5
16	42	14
15	42	11
14	42	14
13	42	14
12	42	17.5
11	42	13
10	42	15
9	42	14
8	42	14.5
7	42	13.5
6	42	12
5	42	16
4	42	14
3	42	18
2	42	15.5
1	42	15
25	43	13.5
24	43	13
23	43	14.5
22	43	17
21	43	16.5
20	43	15.5
19	43	14
18	43	19.5
17	43	17.5
16	43	21
15	43	15
14	43	18
13	43	18
12	43	22.5
11	43	14
10	43	19.5
9	43	17
8	43	20
7	43	18.5
6	43	20
5	43	23
4	43	22.5
3	43	18
2	43	21
1	43	17.5
25	44	15
24	44	13
23	44	13
22	44	12
21	44	14
20	44	16
19	44	13.5
18	44	13.5
17	44	18
16	44	15.5
15	44	17.5
14	44	13.5
13	44	18
12	44	18.5
11	44	19.5
10	44	17
9	44	20.5
8	44	20
7	44	14
6	44	18
5	44	21
4	44	19.5
3	44	17.5
2	44	25
1	44	13
25	45	13
24	45	16.5
23	45	12.5
22	45	14
21	45	15.5
20	45	15.5
19	45	16
18	45	17
17	45	17.5
16	45	18
15	45	15
14	45	17
13	45	20.5
12	45	18.5
11	45	20.5
10	45	17.5
9	45	20.5
8	45	18
7	45	16
6	45	20.5
5	45	18
4	45	20
3	45	19.5
2	45	21.5
1	45	17.5
25	46	11.5
24	46	14.5
23	46	17
22	46	13
21	46	16
20	46	13.5
19	46	18.5
18	46	16
17	46	18.5
16	46	18.5
15	46	16.5
14	46	13
13	46	19
12	46	20.5
11	46	19
10	46	20.5
9	46	22
8	46	16.5
7	46	17
6	46	18.5
5	46	21.5
4	46	26.5
3	46	19
2	46	21
1	46	16
25	47	15.5
24	47	10
23	47	14
22	47	12
21	47	14
20	47	15.5
19	47	13
18	47	13.5
17	47	15.5
16	47	13
15	47	13
14	47	15
13	47	14
12	47	15.5
11	47	17
10	47	19.5
9	47	18
8	47	12.5
7	47	17.5
6	47	17
5	47	21.5
4	47	22.5
3	47	17
2	47	23
1	47	19
25	48	16
24	48	15
23	48	11
22	48	15.5
21	48	15
20	48	13
19	48	17.5
18	48	11
17	48	14.5
16	48	12.5
15	48	11.5
14	48	12
13	48	14.5
12	48	15
11	48	15
10	48	17
9	48	16.5
8	48	16
7	48	15.5
6	48	16
5	48	18
4	48	20
3	48	18.5
2	48	16
1	48	16
25	49	17
24	49	12.5
23	49	14
22	49	12.5
21	49	12.5
20	49	15
19	49	15
18	49	16
17	49	14.5
16	49	12.5
15	49	16
14	49	13
13	49	12
12	49	11
11	49	17.5
10	49	18.5
9	49	19
8	49	15
7	49	15.5
6	49	17
5	49	22
4	49	25.5
3	49	21.5
2	49	21.5
1	49	20
25	50	19
24	50	15.5
23	50	13
22	50	14
21	50	15
20	50	13.5
19	50	15.5
18	50	15.5
17	50	14
16	50	14.5
15	50	13.5
14	50	14.5
13	50	15.5
12	50	13.5
11	50	19.5
10	50	20.5
9	50	16
8	50	15
7	50	14
6	50	14
5	50	21.5
4	50	20.5
3	50	22
2	50	28
1	50	17
25	51	20
24	51	17
23	51	11
22	51	13.5
21	51	14
20	51	11
19	51	11
18	51	13.5
17	51	11
16	51	14
15	51	12.5
14	51	12.5
13	51	12.5
12	51	18.5
11	51	16
10	51	19
9	51	15.5
8	51	13.5
7	51	14
6	51	17.5
5	51	19.5
4	51	20
3	51	27
2	51	19
1	51	19
25	52	17.5
24	52	14
23	52	15
22	52	14
21	52	13
20	52	12
19	52	16
18	52	16
17	52	16
16	52	15
15	52	15.5
14	52	11
13	52	12
12	52	13.5
11	52	15
10	52	16.5
9	52	15.5
8	52	14
7	52	15
6	52	15.5
5	52	15.5
4	52	18
3	52	21
2	52	22
1	52	20
25	53	17
24	53	15.5
23	53	15
22	53	13
21	53	17
20	53	16.5
19	53	15
18	53	16.5
17	53	15
16	53	15.5
15	53	16
14	53	15
13	53	14.5
12	53	17.5
11	53	17.5
10	53	16.5
9	53	16
8	53	14.5
7	53	13
6	53	17
5	53	16.5
4	53	19
3	53	18.5
2	53	19
1	53	21.5
25	54	17
24	54	15
23	54	18
22	54	15.5
21	54	13
20	54	14.5
19	54	13.5
18	54	16.5
17	54	14
16	54	15.5
15	54	17
14	54	12.5
13	54	18
12	54	19
11	54	16
10	54	16.5
9	54	16.5
8	54	16.5
7	54	19
6	54	17
5	54	19
4	54	17.5
3	54	22.5
2	54	24
1	54	17.5
25	55	17.5
24	55	13
23	55	14.5
22	55	15.5
21	55	15
20	55	14
19	55	15.5
18	55	16
17	55	15
16	55	19
15	55	19.5
14	55	16
13	55	22
12	55	19.5
11	55	17
10	55	23.5
9	55	23.5
8	55	23.5
7	55	21
6	55	21
5	55	20
4	55	19
3	55	18.5
2	55	19.5
1	55	20
25	56	18
24	56	12
23	56	16
22	56	12.5
21	56	14
20	56	13.5
19	56	17
18	56	16
17	56	13.5
16	56	16.5
15	56	15.5
14	56	14.5
13	56	14.5
12	56	19.5
11	56	19.5
10	56	18
9	56	15.5
8	56	18.5
7	56	19
6	56	19.5
5	56	21
4	56	16
3	56	15
2	56	18.5
1	56	15
25	57	16.5
24	57	14.5
23	57	14.5
22	57	13
21	57	12.5
20	57	16
19	57	15
18	57	18
17	57	15.5
16	57	16
15	57	17
14	57	18.5
13	57	19
12	57	19.5
11	57	18
10	57	18.5
9	57	15.5
8	57	17
7	57	18
6	57	19
5	57	18.5
4	57	17.5
3	57	14
2	57	18
1	57	14.5
25	58	14
24	58	11.5
23	58	14
22	58	12
21	58	11
20	58	13.5
19	58	13
18	58	14
17	58	17.5
16	58	14.5
15	58	16
14	58	15.5
13	58	15
12	58	16.5
11	58	16
10	58	12.5
9	58	16
8	58	15
7	58	18.5
6	58	16
5	58	15
4	58	16
3	58	12
2	58	15.5
1	58	13.5
25	59	17
24	59	16.5
23	59	12.5
22	59	12.5
21	59	15.5
20	59	13.5
19	59	15
18	59	19
17	59	18
16	59	20
15	59	17.5
14	59	15.5
13	59	19
12	59	16
11	59	16
10	59	17
9	59	19
8	59	17
7	59	15
6	59	19
5	59	16
4	59	18
3	59	17
2	59	15.5
1	59	14.5
25	60	16.5
24	60	15.5
23	60	14
22	60	14
21	60	16
20	60	14
19	60	20.5
18	60	17
17	60	18.5
16	60	17
15	60	18
14	60	19.5
13	60	19.5
12	60	16
11	60	18.5
10	60	20.5
9	60	17.5
8	60	20
7	60	17
6	60	18
5	60	17
4	60	14.5
3	60	20.5
2	60	18.5
1	60	16.5
25	61	14.5
24	61	16.5
23	61	14.5
22	61	12
21	61	14.5
20	61	15
19	61	14.5
18	61	15.5
17	61	19.5
16	61	15.5
15	61	19.5
14	61	17.5
13	61	15
12	61	19.5
11	61	17
10	61	15.5
9	61	18
8	61	15
7	61	18
6	61	15.5
5	61	14.5
4	61	17
3	61	13.5
2	61	14.5
1	61	14
25	62	15.5
24	62	11
23	62	14
22	62	12.5
21	62	13.5
20	62	15
19	62	16.5
18	62	17
17	62	18.5
16	62	16
15	62	18
14	62	18.5
13	62	17.5
12	62	16.5
11	62	19.5
10	62	19
9	62	20.5
8	62	15
7	62	16.5
6	62	21
5	62	20
4	62	16
3	62	16.5
2	62	19.5
1	62	11
25	63	19
24	63	15.5
23	63	16.5
22	63	16.5
21	63	15.5
20	63	16.5
19	63	20.5
18	63	20
17	63	18.5
16	63	20
15	63	17
14	63	17
13	63	22
12	63	18.5
11	63	24.5
10	63	17.5
9	63	19.5
8	63	15.5
7	63	15
6	63	17
5	63	16
4	63	15.5
3	63	16
2	63	16
1	63	14
25	64	22
24	64	15.5
23	64	15
22	64	16
21	64	18.5
20	64	17
19	64	18.5
18	64	17.5
17	64	23.5
16	64	21.5
15	64	20.5
14	64	23
13	64	21
12	64	18.5
11	64	22.5
10	64	19.5
9	64	19
8	64	21
7	64	16
6	64	17.5
5	64	17.5
4	64	16.5
3	64	16
2	64	19.5
1	64	18.5
25	65	22
24	65	19
23	65	14.5
22	65	14.5
21	65	17.5
20	65	16.5
19	65	18
18	65	18.5
17	65	22
16	65	19
15	65	17
14	65	20.5
13	65	22.5
12	65	22.5
11	65	20.5
10	65	23
9	65	16.5
8	65	18
7	65	17
6	65	19.5
5	65	18.5
4	65	20
3	65	20.5
2	65	24
1	65	15.5
25	66	25
24	66	20
23	66	16.5
22	66	19
21	66	20.5
20	66	17
19	66	15
18	66	19.5
17	66	26
16	66	21.5
15	66	21
14	66	19.5
13	66	19
12	66	23.5
11	66	25
10	66	20
9	66	18
8	66	22.5
7	66	15.5
6	66	19.5
5	66	19
4	66	15.5
3	66	20.5
2	66	20
1	66	15.5
25	67	27.5
24	67	22
23	67	19.5
22	67	21
21	67	22
20	67	16.5
19	67	20.5
18	67	24
17	67	19.5
16	67	19.5
15	67	19.5
14	67	18.5
13	67	18
12	67	21
11	67	20.5
10	67	18
9	67	18.5
8	67	18.5
7	67	18
6	67	18
5	67	18.5
4	67	18
3	67	18.5
2	67	18
1	67	15
25	68	27.5
24	68	20.5
23	68	18
22	68	23.5
21	68	19
20	68	18.5
19	68	16.5
18	68	18
17	68	22.5
16	68	25.5
15	68	23
14	68	18
13	68	14
12	68	17.5
11	68	18
10	68	17.5
9	68	17.5
8	68	19
7	68	19.5
6	68	16
5	68	19
4	68	18
3	68	15.5
2	68	16
1	68	16
25	69	24
24	69	21
23	69	20
22	69	19.5
21	69	24
20	69	15.5
19	69	18.5
18	69	15.5
17	69	22.5
16	69	22
15	69	19.5
14	69	9.5
13	69	7.5
12	69	10.5
11	69	19.5
10	69	19
9	69	14.5
8	69	18.5
7	69	16.5
6	69	15.5
5	69	13
4	69	16
3	69	13.5
2	69	15.5
1	69	18.5
25	70	21
24	70	22.5
23	70	16.5
22	70	15
21	70	23.5
20	70	19
19	70	19
18	70	17
17	70	19
16	70	20
15	70	15.5
14	70	8
13	70	14
12	70	12.5
11	70	14.5
10	70	16
9	70	19.5
8	70	16.5
7	70	18
6	70	12
5	70	15
4	70	13.5
3	70	17
2	70	16.5
1	70	14
25	71	24
24	71	27
23	71	17
22	71	17.5
21	71	25.5
20	71	23
19	71	18.5
18	71	16.5
17	71	17
16	71	17
15	71	15
14	71	8.5
13	71	13
12	71	18
11	71	16
10	71	18
9	71	14
8	71	15.5
7	71	20
6	71	14
5	71	14.5
4	71	12.5
3	71	18
2	71	16
1	71	13
25	72	26
24	72	21
23	72	18
22	72	16.5
21	72	19
20	72	20.5
19	72	16.5
18	72	14
17	72	21
16	72	21.5
15	72	15.5
14	72	14
13	72	15
12	72	16
11	72	21
10	72	14.5
9	72	18
8	72	15
7	72	19
6	72	12.5
5	72	15.5
4	72	15
3	72	17
2	72	15.5
1	72	15
25	73	19
24	73	16.5
23	73	15.5
22	73	15.5
21	73	19
20	73	21.5
19	73	18.5
18	73	14
17	73	17.5
16	73	21
15	73	18.5
14	73	15
13	73	14.5
12	73	17.5
11	73	18
10	73	15.5
9	73	18
8	73	17
7	73	19
6	73	16.5
5	73	16
4	73	15.5
3	73	15
2	73	15.5
1	73	13
25	74	18.5
24	74	22
23	74	18
22	74	16.5
21	74	16
20	74	18
19	74	20.5
18	74	12
17	74	15.5
16	74	17
15	74	16
14	74	17
13	74	18.5
12	74	15.5
11	74	16.5
10	74	15.5
9	74	18
8	74	20
7	74	19.5
6	74	16.5
5	74	17.5
4	74	16.5
3	74	14.5
2	74	17.5
1	74	13
25	75	24
24	75	19.5
23	75	22
22	75	21.5
21	75	17.5
20	75	15.5
19	75	23
18	75	19.5
17	75	19.5
16	75	21
15	75	18.5
14	75	19
13	75	18
12	75	20
11	75	17.5
10	75	16
9	75	16.5
8	75	20
7	75	21
6	75	15
5	75	16
4	75	18
3	75	17
2	75	16
1	75	14
25	76	21.5
24	76	20
23	76	17
22	76	24.5
21	76	19.5
20	76	15
19	76	20.5
18	76	19
17	76	17
16	76	20.5
15	76	23.5
14	76	15.5
13	76	16
12	76	21
11	76	18
10	76	16
9	76	18
8	76	15
7	76	18.5
6	76	18
5	76	18.5
4	76	17.5
3	76	15
2	76	15
1	76	16
25	77	24.5
24	77	24
23	77	18
22	77	18
21	77	21
20	77	15.5
19	77	19.5
18	77	19
17	77	16.5
16	77	16.5
15	77	19
14	77	19
13	77	14.5
12	77	16.5
11	77	17.5
10	77	15
9	77	17
8	77	18
7	77	21
6	77	18
5	77	16
4	77	15.5
3	77	14
2	77	14.5
1	77	14
25	78	20
24	78	25.5
23	78	20.5
22	78	19.5
21	78	23
20	78	18
19	78	14.5
18	78	21.5
17	78	24
16	78	23.5
15	78	18
14	78	18
13	78	17.5
12	78	19.5
11	78	19
10	78	20
9	78	20
8	78	24.5
7	78	26
6	78	26
5	78	20.5
4	78	20
3	78	16.5
2	78	18
1	78	18
25	79	20.5
24	79	22.5
23	79	16.5
22	79	17.5
21	79	18
20	79	17
19	79	15
18	79	13.5
17	79	16.5
16	79	20.5
15	79	15.5
14	79	15
13	79	15
12	79	20
11	79	16.5
10	79	18
9	79	20
8	79	17.5
7	79	17.5
6	79	22
5	79	20.5
4	79	20
3	79	16.5
2	79	19
1	79	18
25	80	23
24	80	21
23	80	17.5
22	80	18
21	80	16.5
20	80	16.5
19	80	17
18	80	19.5
17	80	16
16	80	21
15	80	23
14	80	18.5
13	80	20.5
12	80	20
11	80	21
10	80	23.5
9	80	18
8	80	21
7	80	23.5
6	80	22
5	80	21
4	80	23.5
3	80	24
2	80	22.5
1	80	15.5
