"row"	"col"	"yield"	"trial"
1	1	796	"T1"
2	1	753	"T1"
3	1	861	"T1"
4	1	944	"T1"
5	1	959	"T1"
6	1	953	"T1"
7	1	918	"T1"
8	1	883	"T1"
9	1	896	"T1"
10	1	858	"T1"
11	1	873	"T1"
12	1	823	"T1"
1	2	852	"T1"
2	2	764	"T1"
3	2	900	"T1"
4	2	896	"T1"
5	2	893	"T1"
6	2	952	"T1"
7	2	878	"T1"
8	2	960	"T1"
9	2	824	"T1"
10	2	862	"T1"
11	2	862	"T1"
12	2	775	"T1"
1	3	820	"T1"
2	3	700	"T1"
3	3	748	"T1"
4	3	884	"T1"
5	3	725	"T1"
6	3	871	"T1"
7	3	792	"T1"
8	3	863	"T1"
9	3	805	"T1"
10	3	740	"T1"
11	3	838	"T1"
12	3	717	"T1"
1	4	884	"T1"
2	4	793	"T1"
3	4	864	"T1"
4	4	888	"T1"
5	4	834	"T1"
6	4	924	"T1"
7	4	852	"T1"
8	4	920	"T1"
9	4	809	"T1"
10	4	868	"T1"
11	4	871	"T1"
12	4	795	"T1"
1	5	859	"T1"
2	5	818	"T1"
3	5	840	"T1"
4	5	873	"T1"
5	5	826	"T1"
6	5	841	"T1"
7	5	876	"T1"
8	5	855	"T1"
9	5	914	"T1"
10	5	862	"T1"
11	5	898	"T1"
12	5	899	"T1"
1	6	803	"T1"
2	6	734	"T1"
3	6	769	"T1"
4	6	707	"T1"
5	6	786	"T1"
6	6	834	"T1"
7	6	860	"T1"
8	6	940	"T1"
9	6	900	"T1"
10	6	875	"T1"
11	6	906	"T1"
12	6	880	"T1"
1	7	796	"T1"
2	7	821	"T1"
3	7	761	"T1"
4	7	714	"T1"
5	7	958	"T1"
6	7	911	"T1"
7	7	952	"T1"
8	7	932	"T1"
9	7	994	"T1"
10	7	873	"T1"
11	7	960	"T1"
12	7	969	"T1"
1	8	840	"T1"
2	8	828	"T1"
3	8	780	"T1"
4	8	864	"T1"
5	8	803	"T1"
6	8	883	"T1"
7	8	881	"T1"
8	8	892	"T1"
9	8	918	"T1"
10	8	870	"T1"
11	8	840	"T1"
12	8	784	"T1"
1	9	876	"T1"
2	9	817	"T1"
3	9	798	"T1"
4	9	784	"T1"
5	9	812	"T1"
6	9	952	"T1"
7	9	859	"T1"
8	9	945	"T1"
9	9	762	"T1"
10	9	782	"T1"
11	9	790	"T1"
12	9	715	"T1"
1	10	934	"T1"
2	10	859	"T1"
3	10	822	"T1"
4	10	845	"T1"
5	10	865	"T1"
6	10	906	"T1"
7	10	891	"T1"
8	10	952	"T1"
9	10	924	"T1"
10	10	846	"T1"
11	10	684	"T1"
12	10	924	"T1"
1	11	780	"T1"
2	11	816	"T1"
3	11	828	"T1"
4	11	864	"T1"
5	11	821	"T1"
6	11	854	"T1"
7	11	840	"T1"
8	11	912	"T1"
9	11	866	"T1"
10	11	945	"T1"
11	11	856	"T1"
12	11	768	"T1"
1	12	766	"T1"
2	12	718	"T1"
3	12	728	"T1"
4	12	810	"T1"
5	12	812	"T1"
6	12	792	"T1"
7	12	908	"T1"
8	12	771	"T1"
9	12	890	"T1"
10	12	800	"T1"
11	12	860	"T1"
12	12	692	"T1"
1	1	485	"T2"
2	1	528	"T2"
3	1	548	"T2"
4	1	522	"T2"
5	1	522	"T2"
6	1	514	"T2"
7	1	441	"T2"
8	1	458	"T2"
9	1	388	"T2"
10	1	376	"T2"
11	1	404	"T2"
12	1	479	"T2"
1	2	452	"T2"
2	2	540	"T2"
3	2	476	"T2"
4	2	428	"T2"
5	2	457	"T2"
6	2	451	"T2"
7	2	482	"T2"
8	2	525	"T2"
9	2	429	"T2"
10	2	468	"T2"
11	2	503	"T2"
12	2	450	"T2"
1	3	446	"T2"
2	3	458	"T2"
3	3	448	"T2"
4	3	420	"T2"
5	3	424	"T2"
6	3	444	"T2"
7	3	477	"T2"
8	3	430	"T2"
9	3	445	"T2"
10	3	472	"T2"
11	3	432	"T2"
12	3	492	"T2"
1	4	427	"T2"
2	4	398	"T2"
3	4	410	"T2"
4	4	435	"T2"
5	4	463	"T2"
6	4	438	"T2"
7	4	496	"T2"
8	4	468	"T2"
9	4	529	"T2"
10	4	457	"T2"
11	4	509	"T2"
12	4	430	"T2"
1	5	420	"T2"
2	5	486	"T2"
3	5	438	"T2"
4	5	477	"T2"
5	5	482	"T2"
6	5	433	"T2"
7	5	509	"T2"
8	5	543	"T2"
9	5	476	"T2"
10	5	504	"T2"
11	5	492	"T2"
12	5	453	"T2"
1	6	447	"T2"
2	6	442	"T2"
3	6	509	"T2"
4	6	483	"T2"
5	6	458	"T2"
6	6	518	"T2"
7	6	503	"T2"
8	6	455	"T2"
9	6	461	"T2"
10	6	416	"T2"
11	6	454	"T2"
12	6	450	"T2"
1	7	402	"T2"
2	7	509	"T2"
3	7	476	"T2"
4	7	472	"T2"
5	7	523	"T2"
6	7	466	"T2"
7	7	462	"T2"
8	7	456	"T2"
9	7	411	"T2"
10	7	481	"T2"
11	7	437	"T2"
12	7	476	"T2"
1	8	514	"T2"
2	8	522	"T2"
3	8	521	"T2"
4	8	572	"T2"
5	8	473	"T2"
6	8	509	"T2"
7	8	534	"T2"
8	8	454	"T2"
9	8	450	"T2"
10	8	448	"T2"
11	8	468	"T2"
12	8	496	"T2"
1	9	482	"T2"
2	9	518	"T2"
3	9	547	"T2"
4	9	536	"T2"
5	9	540	"T2"
6	9	476	"T2"
7	9	551	"T2"
8	9	448	"T2"
9	9	435	"T2"
10	9	501	"T2"
11	9	485	"T2"
12	9	526	"T2"
1	10	528	"T2"
2	10	532	"T2"
3	10	520	"T2"
4	10	553	"T2"
5	10	486	"T2"
6	10	528	"T2"
7	10	452	"T2"
8	10	460	"T2"
9	10	482	"T2"
10	10	449	"T2"
11	10	491	"T2"
12	10	486	"T2"
1	11	519	"T2"
2	11	535	"T2"
3	11	618	"T2"
4	11	566	"T2"
5	11	552	"T2"
6	11	512	"T2"
7	11	541	"T2"
8	11	536	"T2"
9	11	518	"T2"
10	11	505	"T2"
11	11	494	"T2"
12	11	532	"T2"
1	12	534	"T2"
2	12	522	"T2"
3	12	552	"T2"
4	12	555	"T2"
5	12	550	"T2"
6	12	535	"T2"
7	12	513	"T2"
8	12	552	"T2"
9	12	505	"T2"
10	12	532	"T2"
11	12	560	"T2"
12	12	580	"T2"
1	1	732	"T3"
2	1	862	"T3"
3	1	753	"T3"
4	1	818	"T3"
5	1	850	"T3"
6	1	952	"T3"
7	1	959	"T3"
8	1	835	"T3"
9	1	766	"T3"
10	1	825	"T3"
11	1	952	"T3"
12	1	922	"T3"
1	2	588	"T3"
2	2	803	"T3"
3	2	930	"T3"
4	2	892	"T3"
5	2	906	"T3"
6	2	933	"T3"
7	2	949	"T3"
8	2	959	"T3"
9	2	902	"T3"
10	2	926	"T3"
11	2	871	"T3"
12	2	988	"T3"
1	3	770	"T3"
2	3	800	"T3"
3	3	841	"T3"
4	3	927	"T3"
5	3	743	"T3"
6	3	802	"T3"
7	3	947	"T3"
8	3	901	"T3"
9	3	940	"T3"
10	3	946	"T3"
11	3	840	"T3"
12	3	784	"T3"
1	4	758	"T3"
2	4	736	"T3"
3	4	677	"T3"
4	4	772	"T3"
5	4	791	"T3"
6	4	830	"T3"
7	4	910	"T3"
8	4	847	"T3"
9	4	858	"T3"
10	4	766	"T3"
11	4	638	"T3"
12	4	785	"T3"
1	5	892	"T3"
2	5	857	"T3"
3	5	996	"T3"
4	5	966	"T3"
5	5	890	"T3"
6	5	814	"T3"
7	5	920	"T3"
8	5	798	"T3"
9	5	837	"T3"
10	5	707	"T3"
11	5	621	"T3"
12	5	956	"T3"
1	6	962	"T3"
2	6	774	"T3"
3	6	831	"T3"
4	6	882	"T3"
5	6	884	"T3"
6	6	946	"T3"
7	6	954	"T3"
8	6	852	"T3"
9	6	896	"T3"
10	6	941	"T3"
11	6	753	"T3"
12	6	794	"T3"
1	7	896	"T3"
2	7	844	"T3"
3	7	663	"T3"
4	7	851	"T3"
5	7	837	"T3"
6	7	888	"T3"
7	7	840	"T3"
8	7	830	"T3"
9	7	828	"T3"
10	7	910	"T3"
11	7	874	"T3"
12	7	754	"T3"
1	8	923	"T3"
2	8	908	"T3"
3	8	703	"T3"
4	8	712	"T3"
5	8	890	"T3"
6	8	888	"T3"
7	8	930	"T3"
8	8	932	"T3"
9	8	931	"T3"
10	8	743	"T3"
11	8	775	"T3"
12	8	903	"T3"
1	9	979	"T3"
2	9	932	"T3"
3	9	1048	"T3"
4	9	870	"T3"
5	9	873	"T3"
6	9	885	"T3"
7	9	892	"T3"
8	9	1041	"T3"
9	9	1010	"T3"
10	9	694	"T3"
11	9	789	"T3"
12	9	939	"T3"
1	10	920	"T3"
2	10	891	"T3"
3	10	918	"T3"
4	10	858	"T3"
5	10	927	"T3"
6	10	926	"T3"
7	10	1036	"T3"
8	10	980	"T3"
9	10	804	"T3"
10	10	874	"T3"
11	10	820	"T3"
12	10	889	"T3"
1	11	914	"T3"
2	11	978	"T3"
3	11	930	"T3"
4	11	970	"T3"
5	11	888	"T3"
6	11	884	"T3"
7	11	1020	"T3"
8	11	923	"T3"
9	11	739	"T3"
10	11	949	"T3"
11	11	938	"T3"
12	11	918	"T3"
1	1	674	"T4"
2	1	616	"T4"
3	1	576	"T4"
4	1	562	"T4"
5	1	572	"T4"
6	1	545	"T4"
7	1	528	"T4"
8	1	566	"T4"
9	1	547	"T4"
10	1	483	"T4"
11	1	556	"T4"
12	1	492	"T4"
1	2	716	"T4"
2	2	636	"T4"
3	2	580	"T4"
4	2	527	"T4"
5	2	499	"T4"
6	2	530	"T4"
7	2	546	"T4"
8	2	450	"T4"
9	2	502	"T4"
10	2	513	"T4"
11	2	504	"T4"
12	2	479	"T4"
1	3	643	"T4"
2	3	584	"T4"
3	3	554	"T4"
4	3	588	"T4"
5	3	624	"T4"
6	3	661	"T4"
7	3	490	"T4"
8	3	571	"T4"
9	3	537	"T4"
10	3	631	"T4"
11	3	563	"T4"
12	3	559	"T4"
1	4	731	"T4"
2	4	649	"T4"
3	4	546	"T4"
4	4	578	"T4"
5	4	507	"T4"
6	4	567	"T4"
7	4	560	"T4"
8	4	569	"T4"
9	4	590	"T4"
10	4	588	"T4"
11	4	513	"T4"
12	4	468	"T4"
1	5	727	"T4"
2	5	665	"T4"
3	5	564	"T4"
4	5	588	"T4"
5	5	597	"T4"
6	5	616	"T4"
7	5	615	"T4"
8	5	541	"T4"
9	5	638	"T4"
10	5	642	"T4"
11	5	583	"T4"
12	5	588	"T4"
1	6	717	"T4"
2	6	660	"T4"
3	6	585	"T4"
4	6	664	"T4"
5	6	638	"T4"
6	6	606	"T4"
7	6	505	"T4"
8	6	604	"T4"
9	6	577	"T4"
10	6	571	"T4"
11	6	519	"T4"
12	6	512	"T4"
1	7	733	"T4"
2	7	616	"T4"
3	7	594	"T4"
4	7	644	"T4"
5	7	616	"T4"
6	7	546	"T4"
7	7	584	"T4"
8	7	512	"T4"
9	7	513	"T4"
10	7	517	"T4"
11	7	514	"T4"
12	7	476	"T4"
1	8	726	"T4"
2	8	700	"T4"
3	8	672	"T4"
4	8	644	"T4"
5	8	647	"T4"
6	8	670	"T4"
7	8	614	"T4"
8	8	607	"T4"
9	8	592	"T4"
10	8	554	"T4"
11	8	524	"T4"
12	8	481	"T4"
1	9	804	"T4"
2	9	718	"T4"
3	9	698	"T4"
4	9	684	"T4"
5	9	685	"T4"
6	9	670	"T4"
7	9	652	"T4"
8	9	663	"T4"
9	9	588	"T4"
10	9	555	"T4"
11	9	610	"T4"
12	9	511	"T4"
1	10	719	"T4"
2	10	712	"T4"
3	10	720	"T4"
4	10	667	"T4"
5	10	616	"T4"
6	10	658	"T4"
7	10	644	"T4"
8	10	582	"T4"
9	10	566	"T4"
10	10	542	"T4"
11	10	494	"T4"
12	10	456	"T4"
1	11	722	"T4"
2	11	588	"T4"
3	11	586	"T4"
4	11	647	"T4"
5	11	678	"T4"
6	11	685	"T4"
7	11	638	"T4"
8	11	588	"T4"
9	11	558	"T4"
10	11	594	"T4"
11	11	527	"T4"
12	11	396	"T4"
1	12	710	"T4"
2	12	590	"T4"
3	12	662	"T4"
4	12	588	"T4"
5	12	542	"T4"
6	12	549	"T4"
7	12	451	"T4"
8	12	476	"T4"
9	12	443	"T4"
10	12	343	"T4"
11	12	384	"T4"
12	12	394	"T4"
