"row"	"col"	"yield"
1	3	27.4
2	3	28.7
3	3	32.7
4	3	39.3
5	3	35.3
6	3	35
7	3	36.9
8	3	33.9
9	3	32.7
10	3	29.5
11	3	33.9
12	3	36.1
13	3	28.2
14	3	30.5
15	3	32.4
16	3	29.3
17	3	30.7
18	3	28.2
19	3	30.5
20	3	29.5
21	3	28.1
22	3	33.4
23	3	31.9
24	3	30.6
25	3	31.4
26	3	28.4
27	3	26.9
28	3	33
29	3	34
30	3	30.4
31	3	30.6
32	3	29.7
33	3	32
34	3	32.7
35	3	32.7
36	3	26.7
37	3	27.5
38	3	32.9
39	3	32.7
40	3	31.3
41	3	34.2
42	3	32.5
43	3	32.4
44	3	31
45	3	30.9
46	3	31.6
47	3	30.6
48	3	36.3
49	3	34.2
50	3	31.5
51	3	35.9
52	3	32.3
53	3	36.5
54	3	33.4
55	3	34.7
56	3	35.6
57	3	31.1
58	3	37.7
59	3	35.3
60	3	32.5
1	4	29.1
2	4	31.9
3	4	37.1
4	4	33.3
5	4	34.8
6	4	35.3
7	4	37.2
8	4	35.1
9	4	34.8
10	4	36.1
11	4	38.9
12	4	34.2
13	4	33.5
14	4	36.5
15	4	38.1
16	4	33.7
17	4	34.8
18	4	34.1
19	4	30.3
20	4	39
21	4	31.3
22	4	34
23	4	35
24	4	34.8
25	4	33.9
26	4	34.2
27	4	31.9
28	4	36.1
29	4	29.6
30	4	35.3
31	4	35.3
32	4	32.1
33	4	34.5
34	4	36
35	4	33.6
36	4	35.9
37	4	34.3
38	4	33.3
39	4	33.6
40	4	32.7
41	4	27.9
42	4	28.1
43	4	30.6
44	4	34.5
45	4	30.7
46	4	31.7
47	4	34.7
48	4	33.7
49	4	33.1
50	4	31.9
51	4	32.4
52	4	34.8
53	4	35.7
54	4	30.9
55	4	33.6
56	4	32.8
57	4	28.9
58	4	30.6
59	4	33.3
60	4	34.6
1	5	28
2	5	35.2
3	5	37
4	5	39.7
5	5	39.3
6	5	34.4
7	5	37.3
8	5	35.8
9	5	37.7
10	5	30.4
11	5	40.5
12	5	30.1
13	5	30.3
14	5	32.7
15	5	30.9
16	5	31.6
17	5	27.4
18	5	32.3
19	5	33.5
20	5	32.8
21	5	33.1
22	5	33.5
23	5	35.1
24	5	31.9
25	5	27.6
26	5	31.9
27	5	32.3
28	5	32.9
29	5	35.3
30	5	33.6
31	5	32.8
32	5	31.4
33	5	30.7
34	5	32.3
35	5	33.9
36	5	31.3
37	5	29.7
38	5	31.5
39	5	33.8
40	5	32.5
41	5	32.2
42	5	32
43	5	31.8
44	5	30.6
45	5	30.6
46	5	34.4
47	5	33.9
48	5	33.6
49	5	29.9
50	5	33.8
51	5	29.5
52	5	29.4
53	5	34.9
54	5	31.4
55	5	32.4
56	5	31
57	5	29.2
58	5	28.5
59	5	33.3
60	5	36.8
1	6	33.8
2	6	30.7
3	6	38.2
4	6	35.9
5	6	41
6	6	38.5
7	6	37.2
8	6	41.1
9	6	39.5
10	6	35.6
11	6	30.4
12	6	38.3
13	6	36.4
14	6	35.7
15	6	35.5
16	6	28.2
17	6	33.1
18	6	33.6
19	6	29.6
20	6	32.3
21	6	33.3
22	6	33.7
23	6	33.3
24	6	33.3
25	6	38.9
26	6	30.3
27	6	33.6
28	6	32.7
29	6	35.6
30	6	36.6
31	6	36.3
32	6	31.3
33	6	29.5
34	6	30.2
35	6	34.3
36	6	34.2
37	6	34.6
38	6	32.7
39	6	34.7
40	6	29
41	6	35.4
42	6	35.1
43	6	32.1
44	6	36.7
45	6	30.4
46	6	36.9
47	6	33
48	6	35.7
49	6	32.5
50	6	33.3
51	6	36.1
52	6	35.2
53	6	29
54	6	34.7
55	6	33.5
56	6	32.9
57	6	31.8
58	6	33.5
59	6	34
60	6	34.8
1	7	28.8
2	7	32.9
3	7	38.8
4	7	29.1
5	7	34.5
6	7	41.8
7	7	34.4
8	7	39.3
9	7	38.5
10	7	31.2
11	7	32.7
12	7	33.3
13	7	38.2
14	7	33.9
15	7	32.3
16	7	32
17	7	30.9
18	7	38
19	7	27.8
20	7	32.4
21	7	36.6
22	7	32.9
23	7	36.5
24	7	31.9
25	7	33.5
26	7	30.4
27	7	30.3
28	7	30.3
29	7	31.4
30	7	30.3
31	7	30.5
32	7	32.9
33	7	31.3
34	7	31.6
35	7	34
36	7	28.1
37	7	26.3
38	7	27.6
39	7	31
40	7	28.2
41	7	31.3
42	7	32.6
43	7	29.9
44	7	29.2
45	7	33.8
46	7	29.5
47	7	26.8
48	7	32.9
49	7	28.3
50	7	29.9
51	7	30.8
52	7	35.2
53	7	35.5
54	7	27.8
55	7	28.7
56	7	30.8
57	7	31.6
58	7	26.7
59	7	33
60	7	33.5
1	8	32.2
2	8	34.5
3	8	37.7
4	8	40.6
5	8	35.1
6	8	37.5
7	8	39
8	8	41.8
9	8	31.5
10	8	36.1
11	8	37.3
12	8	38.5
13	8	40.3
14	8	32.5
15	8	34.4
16	8	32.4
17	8	35
18	8	30.1
19	8	34.6
20	8	34.5
21	8	31.9
22	8	34.2
23	8	36.9
24	8	37.3
25	8	32.8
26	8	33.1
27	8	35.9
28	8	28
29	8	29.2
30	8	33.2
31	8	30
32	8	34.8
33	8	36.1
34	8	29.8
35	8	33.9
36	8	33
37	8	34.5
38	8	32.4
39	8	34.4
40	8	33.1
41	8	36
42	8	31.8
43	8	36.6
44	8	33.3
45	8	35.6
46	8	35.7
47	8	35
48	8	33
49	8	35.3
50	8	32.3
51	8	34.7
52	8	36
53	8	32.1
54	8	29
55	8	34.2
56	8	32.3
57	8	30
58	8	32.4
59	8	34.5
60	8	34.6
1	9	23.6
2	9	33.7
3	9	40
4	9	29.5
5	9	38.5
6	9	37.9
7	9	36.9
8	9	38.1
9	9	36.5
10	9	33.3
11	9	34.1
12	9	36.6
13	9	33.1
14	9	33.6
15	9	30.6
16	9	35.3
17	9	29.4
18	9	30.9
19	9	31.6
20	9	28.1
21	9	31.4
22	9	36.6
23	9	30.5
24	9	34.6
25	9	27.4
26	9	37.3
27	9	29.8
28	9	28.1
29	9	27.9
30	9	33.7
31	9	28.1
32	9	29.7
33	9	28.1
34	9	20.5
35	9	29.1
36	9	27.8
37	9	29.9
38	9	27.9
39	9	28.4
40	9	29.3
41	9	31.9
42	9	31.5
43	9	31.1
44	9	29.9
45	9	31.7
46	9	31.5
47	9	31.9
48	9	32.6
49	9	31
50	9	29.9
51	9	30.4
52	9	33.5
53	9	31.1
54	9	29.2
55	9	30
56	9	32.2
57	9	30.4
58	9	36.9
59	9	34.1
60	9	34.8
1	10	28.4
2	10	36.7
3	10	36.2
4	10	40.6
5	10	34.1
6	10	37.9
7	10	37.7
8	10	38.5
9	10	39.3
10	10	38.3
11	10	35.8
12	10	37.6
13	10	38
14	10	34.2
15	10	33.1
16	10	30.6
17	10	32.5
18	10	31.1
19	10	31.4
20	10	34.9
21	10	31
22	10	35.2
23	10	31
24	10	34
25	10	36.1
26	10	29.2
27	10	31.9
28	10	34
29	10	31.5
30	10	29.9
31	10	33
32	10	35.9
33	10	31.5
34	10	34.1
35	10	28.8
36	10	36.9
37	10	28.1
38	10	27.4
39	10	27.1
40	10	31.2
41	10	29.9
42	10	27.5
43	10	29.2
44	10	31.8
45	10	32.5
46	10	27.5
47	10	31.8
48	10	30.1
49	10	32.1
50	10	32.8
51	10	33.6
52	10	33.6
53	10	31.7
54	10	29.3
55	10	31.7
56	10	32.7
57	10	28.1
58	10	33.1
59	10	34.2
60	10	33.2
1	11	23.9
2	11	36.3
3	11	35.6
4	11	33.7
5	11	27.8
6	11	37.2
7	11	40.1
8	11	36.6
9	11	40.3
10	11	33.4
11	11	33.6
12	11	37.1
13	11	37.4
14	11	34.6
15	11	35.6
16	11	32.8
17	11	35.7
18	11	32
19	11	30.8
20	11	32.6
21	11	34.2
22	11	29
23	11	32.2
24	11	33.3
25	11	37.7
26	11	31.5
27	11	32
28	11	36.3
29	11	35.5
30	11	33
31	11	33.4
32	11	33.7
33	11	33.3
34	11	32.9
35	11	37
36	11	26.4
37	11	33.4
38	11	34.1
39	11	30.5
40	11	31.8
41	11	37
42	11	33.3
43	11	32.1
44	11	33.9
45	11	31.6
46	11	32.3
47	11	32.8
48	11	31.9
49	11	35.7
50	11	33.5
51	11	29
52	11	29.5
53	11	28.9
54	11	31.6
55	11	34.2
56	11	34
57	11	33.5
58	11	33.6
59	11	30.4
60	11	29.8
1	12	26.9
2	12	32.1
3	12	37.2
4	12	33
5	12	36.4
6	12	34
7	12	40.9
8	12	35.6
9	12	33.6
10	12	37.3
11	12	36.8
12	12	32.2
13	12	41.6
14	12	32.7
15	12	34.5
16	12	35.9
17	12	33.5
18	12	31.6
19	12	29.7
20	12	33
21	12	35
22	12	33
23	12	36.8
24	12	32.3
25	12	29.7
26	12	32.4
27	12	36.3
28	12	31.9
29	12	36
30	12	30.9
31	12	32.8
32	12	35.1
33	12	33.6
34	12	35.5
35	12	29
36	12	36.4
37	12	32.9
38	12	29.6
39	12	34.6
40	12	32.7
41	12	32.1
42	12	30.7
43	12	34.5
44	12	28.7
45	12	32.8
46	12	33.7
47	12	32.4
48	12	34
49	12	32.9
50	12	35.3
51	12	32.8
52	12	34.6
53	12	32.8
54	12	31.9
55	12	31.8
56	12	33.7
57	12	29.9
58	12	31.6
59	12	31.6
60	12	31.2
1	13	27.8
2	13	38
3	13	35.5
4	13	29
5	13	38.7
6	13	34.7
7	13	41.4
8	13	31.6
9	13	32.9
10	13	38.6
11	13	36.2
12	13	26.4
13	13	39.5
14	13	29.7
15	13	29.9
16	13	32.5
17	13	31.9
18	13	33.3
19	13	32.5
20	13	33.5
21	13	24.8
22	13	32.2
23	13	32.7
24	13	32.7
25	13	31.3
26	13	29.1
27	13	32.7
28	13	31.3
29	13	32.5
30	13	34.9
31	13	34.7
32	13	30.5
33	13	33.5
34	13	32
35	13	29.8
36	13	33.1
37	13	30.7
38	13	32.6
39	13	29.2
40	13	31.5
41	13	33.5
42	13	31.5
43	13	32.5
44	13	32.3
45	13	25.5
46	13	31.4
47	13	33.3
48	13	30.2
49	13	32.4
50	13	30.2
51	13	27.8
52	13	28.8
53	13	34.7
54	13	28.1
55	13	32.6
56	13	31.8
57	13	33.1
58	13	33.1
59	13	30.4
60	13	33.4
1	14	25.4
2	14	28.6
3	14	35.3
4	14	29.5
5	14	35.8
6	14	30.9
7	14	35.7
8	14	26.2
9	14	30.2
10	14	38
11	14	37.3
12	14	35.9
13	14	33.4
14	14	37.6
15	14	31.5
16	14	31.2
17	14	32.5
18	14	27.6
19	14	31.8
20	14	30.4
21	14	29.3
22	14	34.5
23	14	23.1
24	14	28.2
25	14	30.5
26	14	31.9
27	14	27.5
28	14	31.5
29	14	32.5
30	14	37.6
31	14	23.1
32	14	34.2
33	14	29.5
34	14	32.9
35	14	29.7
36	14	33.7
37	14	32.9
38	14	29.8
39	14	33.9
40	14	29
41	14	30.5
42	14	29
43	14	29.1
44	14	29.7
45	14	33.4
46	14	31
47	14	31.3
48	14	33.1
49	14	30.8
50	14	31.7
51	14	32.3
52	14	28.4
53	14	28.9
54	14	33.5
55	14	32.1
56	14	33.2
57	14	30
58	14	28.8
59	14	30.4
60	14	26.2
1	15	31.1
2	15	38.8
3	15	36.5
4	15	32.7
5	15	40
6	15	34.8
7	15	37.9
8	15	36.6
9	15	38.4
10	15	40.2
11	15	36.2
12	15	38.1
13	15	36.5
14	15	37.1
15	15	33.5
16	15	35.4
17	15	30
18	15	34.8
19	15	34.3
20	15	35.6
21	15	35.4
22	15	33.9
23	15	34
24	15	28.7
25	15	37.4
26	15	39
27	15	34.3
28	15	33.7
29	15	38.5
30	15	31.7
31	15	39.6
32	15	35.7
33	15	36.1
34	15	37.5
35	15	35.9
36	15	30.1
37	15	33
38	15	34.3
39	15	31
40	15	34.8
41	15	38
42	15	32.4
43	15	35.9
44	15	38
45	15	31.7
46	15	35.8
47	15	35.6
48	15	35.9
49	15	32.8
50	15	34.8
51	15	35.5
52	15	34.3
53	15	34.7
54	15	30.9
55	15	31.2
56	15	30.6
57	15	32.3
58	15	34.8
59	15	33.8
60	15	34.2
1	16	30.2
2	16	34.3
3	16	34.8
4	16	23.5
5	16	32.9
6	16	35.5
7	16	34
8	16	31.3
9	16	35.9
10	16	34
11	16	35.4
12	16	29.3
13	16	29.8
14	16	34.2
15	16	35.8
16	16	33
17	16	32.2
18	16	30.3
19	16	33.3
20	16	33.5
21	16	34.8
22	16	29.7
23	16	31
24	16	30.2
25	16	34.3
26	16	32.7
27	16	35.2
28	16	33.4
29	16	31.7
30	16	31.9
31	16	34.9
32	16	35
33	16	27.2
34	16	33.7
35	16	29.7
36	16	31.9
37	16	32.6
38	16	32.2
39	16	34.1
40	16	35
41	16	31.9
42	16	29.9
43	16	27.4
44	16	23.6
45	16	29.9
46	16	34.7
47	16	32.9
48	16	30.7
49	16	29.3
50	16	31.5
51	16	33.6
52	16	28.6
53	16	31.3
54	16	33.3
55	16	28.3
56	16	23.9
57	16	34.3
58	16	28.9
59	16	33.8
60	16	34.8
1	17	34.5
2	17	33.3
3	17	30.7
4	17	34.3
5	17	33.8
6	17	35.4
7	17	35.4
8	17	36.7
9	17	29.9
10	17	35.7
11	17	33.7
12	17	32
13	17	30
14	17	29.9
15	17	33
16	17	29
17	17	27.6
18	17	33.6
19	17	33.8
20	17	31.6
21	17	31.7
22	17	32.6
23	17	30.6
24	17	29.8
25	17	28.7
26	17	32.9
27	17	34.3
28	17	33.6
29	17	34
30	17	31.2
31	17	35.1
32	17	33.5
33	17	23.8
34	17	34.4
35	17	29.1
36	17	33.5
37	17	31.2
38	17	30.1
39	17	30.7
40	17	31.6
41	17	31.2
42	17	30.6
43	17	33
44	17	29.1
45	17	31.7
46	17	26.7
47	17	30.4
48	17	34.7
49	17	31.2
50	17	32.4
51	17	31.6
52	17	31.7
53	17	29.6
54	17	29.1
55	17	31.6
56	17	28.6
57	17	29.8
58	17	35.5
59	17	32.4
60	17	26.3
1	18	33.4
2	18	33.5
3	18	38.9
4	18	31.9
5	18	35
6	18	38.1
7	18	37.1
8	18	36.6
9	18	30
10	18	36
11	18	38.6
12	18	35.3
13	18	33.7
14	18	36
15	18	36.2
16	18	33.4
17	18	32.4
18	18	31.5
19	18	33.1
20	18	32.2
21	18	29.7
22	18	32.3
23	18	31.9
24	18	28.4
25	18	35.3
26	18	30.5
27	18	33.6
28	18	34.7
29	18	35.1
30	18	34.9
31	18	37.4
32	18	31.4
33	18	34.6
34	18	34.3
35	18	34.6
36	18	33.6
37	18	34.8
38	18	33.2
39	18	33.3
40	18	31.7
41	18	34.1
42	18	31.3
43	18	37.4
44	18	34.1
45	18	36
46	18	34.3
47	18	32.9
48	18	34.4
49	18	36.7
50	18	35.5
51	18	34.6
52	18	34.8
53	18	37.3
54	18	32.9
55	18	33.9
56	18	31.1
57	18	33.5
58	18	29.9
59	18	36.2
60	18	26.7
1	19	29
2	19	37.9
3	19	37.9
4	19	37.2
5	19	34.2
6	19	39.2
7	19	31.5
8	19	31.7
9	19	32.6
10	19	33.3
11	19	35
12	19	34
13	19	31.7
14	19	35.7
15	19	33
16	19	35.6
17	19	31.6
18	19	33.2
19	19	37.1
20	19	31.6
21	19	34.3
22	19	35.9
23	19	30.1
24	19	32.8
25	19	35.8
26	19	33.9
27	19	32.4
28	19	37.1
29	19	34.2
30	19	32.7
31	19	33.2
32	19	33.4
33	19	33.4
34	19	33.4
35	19	37.2
36	19	32
37	19	35.7
38	19	34.4
39	19	32.2
40	19	34.2
41	19	34.2
42	19	34
43	19	35.1
44	19	37.7
45	19	33.7
46	19	34.6
47	19	38.8
48	19	32.6
49	19	34.6
50	19	37.5
51	19	31
52	19	34.6
53	19	35.6
54	19	34.6
55	19	31.8
56	19	36.1
57	19	37.4
58	19	33.1
59	19	32.2
60	19	29.7
1	20	30.4
2	20	31.3
3	20	32.1
4	20	40.1
5	20	26.3
6	20	32
7	20	32.7
8	20	34.7
9	20	32.3
10	20	36.6
11	20	40
12	20	26.7
13	20	34.8
14	20	29
15	20	31
16	20	30.2
17	20	33.1
18	20	30.1
19	20	33.4
20	20	34.1
21	20	34.5
22	20	31.4
23	20	35
24	20	29.5
25	20	27.1
26	20	36.5
27	20	29.1
28	20	33.8
29	20	37.1
30	20	30.8
31	20	37.2
32	20	33.9
33	20	28.7
34	20	30.5
35	20	34.1
36	20	30.4
37	20	35.8
38	20	37.3
39	20	26.9
40	20	32
41	20	33.1
42	20	30.5
43	20	34.8
44	20	32.1
45	20	29.1
46	20	31.5
47	20	31.6
48	20	34.2
49	20	30.4
50	20	30.5
51	20	34
52	20	27.2
53	20	35.1
54	20	37
55	20	32.4
56	20	31.1
57	20	29.4
58	20	32.5
59	20	32.4
60	20	27.9
1	21	33.8
2	21	31.3
3	21	35.8
4	21	34.2
5	21	36.7
6	21	33.8
7	21	33.8
8	21	31
9	21	35.8
10	21	30.3
11	21	36.4
12	21	32.7
13	21	32.7
14	21	34.8
15	21	32.6
16	21	28.6
17	21	27
18	21	34.1
19	21	31.3
20	21	32
21	21	29.1
22	21	34.2
23	21	30.6
24	21	31.2
25	21	29.7
26	21	27.2
27	21	30.8
28	21	23.2
29	21	30.7
30	21	33.3
31	21	29.2
32	21	30
33	21	34.1
34	21	39.3
35	21	32.7
36	21	30.9
37	21	31
38	21	28.7
39	21	30.5
40	21	29.4
41	21	29.9
42	21	31.4
43	21	28.7
44	21	29.7
45	21	30.6
46	21	29.8
47	21	29
48	21	33.1
49	21	37
50	21	27.3
51	21	35.9
52	21	32.7
53	21	34
54	21	27.9
55	21	32.9
56	21	29.8
57	21	31.9
58	21	33.8
59	21	32.3
60	21	25.2
1	22	29.6
2	22	38.3
3	22	38.6
4	22	35.9
5	22	38.6
6	22	32.7
7	22	37.1
8	22	38.6
9	22	38.5
10	22	39
11	22	38.6
12	22	38.6
13	22	33.6
14	22	36.7
15	22	38.3
16	22	32.9
17	22	35.3
18	22	35.9
19	22	32.5
20	22	32.9
21	22	36.3
22	22	30.3
23	22	35.6
24	22	32.9
25	22	33.5
26	22	36.2
27	22	36.2
28	22	32
29	22	32.4
30	22	37.3
31	22	35.9
32	22	36.9
33	22	36.7
34	22	35
35	22	34.1
36	22	35.6
37	22	33.4
38	22	34.1
39	22	35.7
40	22	36
41	22	33.4
42	22	34.8
43	22	35.1
44	22	35.3
45	22	32.3
46	22	34.4
47	22	43.2
48	22	35.1
49	22	39.8
50	22	36.5
51	22	34.1
52	22	39.2
53	22	29.3
54	22	35.5
55	22	34.2
56	22	37.5
57	22	34
58	22	33.3
59	22	32.7
60	22	32.4
1	23	31.6
2	23	36
3	23	35.9
4	23	34.9
5	23	32.4
6	23	38.8
7	23	23.2
8	23	36.1
9	23	33.9
10	23	36.3
11	23	32.5
12	23	32.7
13	23	37.2
14	23	30.7
15	23	33.8
16	23	29.6
17	23	31.2
18	23	29.3
19	23	34.9
20	23	33.7
21	23	27.2
22	23	31.4
23	23	33.9
24	23	33.4
25	23	30.9
26	23	33.3
27	23	29.5
28	23	33.4
29	23	35.8
30	23	31.7
31	23	33.3
32	23	35
33	23	32.9
34	23	31.6
35	23	32.4
36	23	26.4
37	23	30.6
38	23	32.4
39	23	34.1
40	23	32.9
41	23	33
42	23	32.9
43	23	31.6
44	23	30.2
45	23	34.3
46	23	34.1
47	23	33.2
48	23	36
49	23	35.5
50	23	35.1
51	23	36.7
52	23	32.1
53	23	33.2
54	23	38.2
55	23	35.7
56	23	33.2
57	23	36.7
58	23	36.1
59	23	36.2
60	23	29.5
1	24	30.2
2	24	32.9
3	24	30.4
4	24	30.2
5	24	26.8
6	24	29.4
7	24	32.7
8	24	34.3
9	24	33.8
10	24	34.3
11	24	33
12	24	33.5
13	24	33.3
14	24	38.7
15	24	32.3
16	24	31.6
17	24	30.6
18	24	28.6
19	24	29.3
20	24	30.9
21	24	26.8
22	24	31.2
23	24	28.3
24	24	28.7
25	24	27.6
26	24	30.4
27	24	28.6
28	24	33.7
29	24	32
30	24	34.8
31	24	30.5
32	24	34.9
33	24	32.3
34	24	31.4
35	24	32.6
36	24	26.6
37	24	29.7
38	24	31.4
39	24	27.5
40	24	27.8
41	24	28.8
42	24	29.2
43	24	23
44	24	25.2
45	24	29.8
46	24	30.7
47	24	27.1
48	24	30.9
49	24	27.9
50	24	28
51	24	32.2
52	24	29.4
53	24	30.4
54	24	28.6
55	24	29.4
56	24	29.7
57	24	29.8
58	24	33.1
59	24	27.8
60	24	31.3
1	25	30.3
2	25	35.9
3	25	32.6
4	25	33.2
5	25	37.6
6	25	35.1
7	25	32.5
8	25	38.4
9	25	34.4
10	25	36.4
11	25	33.3
12	25	36.9
13	25	37.6
14	25	28.8
15	25	32.6
16	25	30.7
17	25	31.7
18	25	31.8
19	25	30.5
20	25	32.8
21	25	33.3
22	25	25.9
23	25	33.3
24	25	33.1
25	25	31.3
26	25	32
27	25	30.6
28	25	30.8
29	25	34.2
30	25	38
31	25	33.1
32	25	34.8
33	25	33.7
34	25	31.6
35	25	36.2
36	25	29.5
37	25	32.8
38	25	26.1
39	25	30.4
40	25	37.8
41	25	32.2
42	25	30.3
43	25	32
44	25	28.8
45	25	34.5
46	25	36.9
47	25	33
48	25	33.7
49	25	31.4
50	25	36.2
51	25	30.6
52	25	35.3
53	25	31.4
54	25	31.7
55	25	34.8
56	25	32.3
57	25	34.8
58	25	33.9
59	25	29.7
60	25	33.6
1	26	33.9
2	26	35.4
3	26	35.1
4	26	31.6
5	26	29.7
6	26	34.9
7	26	32.1
8	26	35.4
9	26	31.6
10	26	33.5
11	26	30.1
12	26	33.8
13	26	33.4
14	26	34.8
15	26	29.6
16	26	30.4
17	26	27
18	26	35.1
19	26	27.1
20	26	29.9
21	26	25.5
22	26	30.5
23	26	32.1
24	26	21.8
25	26	30
26	26	29.4
27	26	27.2
28	26	31
29	26	32.8
30	26	30.4
31	26	31.2
32	26	28
33	26	29.4
34	26	29.4
35	26	30.2
36	26	30.6
37	26	31.7
38	26	30.9
39	26	27.6
40	26	29
41	26	34.7
42	26	29.9
43	26	31.5
44	26	36.1
45	26	31.8
46	26	32.7
47	26	35.5
48	26	28.2
49	26	30.9
50	26	31.1
51	26	29.2
52	26	37.7
53	26	26.2
54	26	31.8
55	26	34
56	26	31.1
57	26	34
58	26	31.8
59	26	30.4
60	26	26.3
1	27	33.8
2	27	33.4
3	27	32.4
4	27	36.2
5	27	33.4
6	27	35.3
7	27	34
8	27	31
9	27	28
10	27	33.6
11	27	34.2
12	27	32.6
13	27	32.9
14	27	32.7
15	27	34.3
16	27	33
17	27	31
18	27	32.3
19	27	34.1
20	27	31
21	27	32
22	27	28.7
23	27	33.1
24	27	32.9
25	27	29
26	27	34.1
27	27	30.9
28	27	39.9
29	27	23
30	27	32.9
31	27	31.4
32	27	37.6
33	27	32.3
34	27	32.6
35	27	33.2
36	27	23.8
37	27	34.8
38	27	33.2
39	27	30.7
40	27	37
41	27	32.3
42	27	30.9
43	27	30.9
44	27	35.9
45	27	29.8
46	27	32.3
47	27	32.2
48	27	26.8
49	27	27.9
50	27	32.1
51	27	29.1
52	27	29.6
53	27	27.1
54	27	27.6
55	27	32
56	27	31.2
57	27	32.6
58	27	30.7
59	27	26.4
60	27	30.7
1	28	29.5
2	28	31.9
3	28	31.4
4	28	33
5	28	33.1
6	28	29.6
7	28	33
8	28	35.1
9	28	30.4
10	28	30.1
11	28	31.1
12	28	28.1
13	28	34.9
14	28	36.1
15	28	26
16	28	34.5
17	28	25.6
18	28	32.7
19	28	28
20	28	30.6
21	28	32.5
22	28	25.5
23	28	23.4
24	28	25.5
25	28	32.2
26	28	26.2
27	28	28.8
28	28	27.1
29	28	29.9
30	28	25.1
31	28	32
32	28	33.9
33	28	28.8
34	28	32.4
35	28	28.6
36	28	34.5
37	28	31.2
38	28	29.4
39	28	29.9
40	28	27.4
41	28	29.4
42	28	28.8
43	28	29
44	28	28.8
45	28	31.8
46	28	33.2
47	28	31.8
48	28	24.2
49	28	30.2
50	28	29.3
51	28	31.8
52	28	31
53	28	23.4
54	28	26
55	28	32.1
56	28	29.8
57	28	34.1
58	28	27.7
59	28	29.8
60	28	30.3
1	29	29.6
2	29	38.2
3	29	35.8
4	29	39
5	29	32.4
6	29	34.6
7	29	36.8
8	29	28.5
9	29	33.5
10	29	32.4
11	29	36.6
12	29	31.8
13	29	33.2
14	29	35
15	29	32.4
16	29	32.5
17	29	34.4
18	29	31.6
19	29	31.9
20	29	39.3
21	29	31.6
22	29	32.4
23	29	32.2
24	29	25.5
25	29	29.8
26	29	30.2
27	29	31.3
28	29	32.3
29	29	32.5
30	29	33.6
31	29	35.4
32	29	33.2
33	29	34.4
34	29	35.2
35	29	35.2
36	29	32.9
37	29	33.9
38	29	35.4
39	29	30
40	29	34.2
41	29	34.5
42	29	32.8
43	29	29.8
44	29	38
45	29	32.8
46	29	31.2
47	29	28.5
48	29	30.7
49	29	31.4
50	29	32.8
51	29	30
52	29	32.6
53	29	33.1
54	29	39.2
55	29	34
56	29	33.2
57	29	28.5
58	29	33.7
59	29	36.7
60	29	25.1
1	30	30.4
2	30	31.7
3	30	33.4
4	30	34.1
5	30	35.3
6	30	33.9
7	30	33.4
8	30	32.2
9	30	31.1
10	30	34.8
11	30	33.7
12	30	34.7
13	30	31.9
14	30	35.9
15	30	26.9
16	30	30.4
17	30	28.8
18	30	30.3
19	30	23.1
20	30	27.6
21	30	30.7
22	30	33
23	30	27.8
24	30	24.6
25	30	33.5
26	30	30.7
27	30	28.6
28	30	34.8
29	30	33.9
30	30	30
31	30	30.6
32	30	32.3
33	30	28.3
34	30	33
35	30	28.2
36	30	28.2
37	30	31.4
38	30	23.8
39	30	32.1
40	30	29.4
41	30	32
42	30	36.7
43	30	28.1
44	30	33.7
45	30	35.9
46	30	30
47	30	28.5
48	30	23.5
49	30	38.9
50	30	29.3
51	30	32.2
52	30	36.4
53	30	32.9
54	30	33.8
55	30	28.2
56	30	30.6
57	30	32.5
58	30	30.9
59	30	32.2
60	30	33.3
1	31	24.6
2	31	33.7
3	31	33
4	31	37.5
5	31	34
6	31	31.9
7	31	34.9
8	31	33.6
9	31	32.9
10	31	39.2
11	31	34.5
12	31	33.4
13	31	37.2
14	31	30.8
15	31	34.5
16	31	32.2
17	31	33.6
18	31	31.2
19	31	31.8
20	31	30.6
21	31	33
22	31	31.9
23	31	28.8
24	31	30.6
25	31	31.5
26	31	28.2
27	31	31.8
28	31	33.3
29	31	40
30	31	32.2
31	31	31.6
32	31	33.7
33	31	32.8
34	31	32.5
35	31	25.2
36	31	32
37	31	32.8
38	31	35.5
39	31	31.8
40	31	28
41	31	31.4
42	31	32.4
43	31	30.1
44	31	33.4
45	31	33
46	31	32.2
47	31	29.2
48	31	29.1
49	31	30.2
50	31	31.7
51	31	28.5
52	31	31.9
53	31	33.2
54	31	33.1
55	31	31
56	31	30
57	31	31.2
58	31	34
59	31	27.2
60	31	32.3
1	32	27.1
2	32	30.5
3	32	32.8
4	32	37.5
5	32	33.9
6	32	32.7
7	32	35
8	32	38.3
9	32	36.5
10	32	37.7
11	32	34.3
12	32	33.5
13	32	27.6
14	32	34.9
15	32	28.2
16	32	31.6
17	32	30.7
18	32	32.7
19	32	33.5
20	32	33.1
21	32	28.3
22	32	30.7
23	32	32.1
24	32	31.1
25	32	31.4
26	32	30.8
27	32	32.2
28	32	32.1
29	32	30.7
30	32	33.6
31	32	31
32	32	32.7
33	32	30.9
34	32	29
35	32	29.3
36	32	30.7
37	32	28
38	32	33.5
39	32	33.2
40	32	32.8
41	32	29.8
42	32	31.6
43	32	33.7
44	32	33.1
45	32	33
46	32	33.1
47	32	29.8
48	32	27
49	32	29
50	32	30.4
51	32	29.3
52	32	35.5
53	32	35.5
54	32	31.5
55	32	34.3
56	32	30.5
57	32	30.6
58	32	35.1
59	32	33.6
60	32	24.5
1	33	25.4
2	33	33.3
3	33	35.1
4	33	35.9
5	33	31.6
6	33	32.5
7	33	28
8	33	34.6
9	33	34.3
10	33	33.7
11	33	32.2
12	33	33.8
13	33	32.7
14	33	32.4
15	33	36.3
16	33	34.7
17	33	32.8
18	33	30.1
19	33	30.6
20	33	29.6
21	33	33.4
22	33	32.7
23	33	30.3
24	33	33.8
25	33	31
26	33	32.2
27	33	34.8
28	33	30.9
29	33	32.7
30	33	34.3
31	33	30
32	33	34.1
33	33	30
34	33	35.2
35	33	30.7
36	33	34
37	33	30.3
38	33	32.1
39	33	31.2
40	33	33.1
41	33	34.6
42	33	32.2
43	33	33
44	33	35.8
45	33	28.8
46	33	30.2
47	33	32.8
48	33	27
49	33	23.4
50	33	27.4
51	33	36.1
52	33	32.9
53	33	33.2
54	33	31.5
55	33	32.9
56	33	34.7
57	33	33.5
58	33	30.8
59	33	34.5
60	33	29.7
1	34	24.4
2	34	34.3
3	34	23.5
4	34	37.6
5	34	32.4
6	34	36.7
7	34	31.8
8	34	33.3
9	34	33.7
10	34	35
11	34	35.2
12	34	33.4
13	34	36
14	34	36.5
15	34	32.9
16	34	34
17	34	34.1
18	34	30.6
19	34	30.5
20	34	33.8
21	34	33.5
22	34	32.5
23	34	32.4
24	34	31.6
25	34	34.7
26	34	31.1
27	34	33.7
28	34	34.5
29	34	36.2
30	34	29.4
31	34	37.8
32	34	32.7
33	34	35.1
34	34	32.3
35	34	33.5
36	34	33.1
37	34	30.5
38	34	33.6
39	34	34.7
40	34	36.7
41	34	32.1
42	34	33.5
43	34	35.1
44	34	30.6
45	34	31.2
46	34	35.9
47	34	30.4
48	34	29.6
49	34	19.4
50	34	30.7
51	34	30.9
52	34	31.5
53	34	31.2
54	34	29.3
55	34	30.9
56	34	32.4
57	34	35.7
58	34	33.1
59	34	36.6
60	34	30.8
1	35	31.5
2	35	29.2
3	35	31.8
4	35	31.5
5	35	31
6	35	32.3
7	35	29.4
8	35	38.8
9	35	31.9
10	35	35.2
11	35	32.8
12	35	33.4
13	35	30
14	35	33.7
15	35	30.6
16	35	32.2
17	35	34.6
18	35	31.6
19	35	30.1
20	35	32.6
21	35	32.1
22	35	33.1
23	35	29.7
24	35	33.7
25	35	34.3
26	35	29.1
27	35	33.3
28	35	33.3
29	35	32.7
30	35	35.5
31	35	33.8
32	35	31.1
33	35	34.8
34	35	33.6
35	35	35.6
36	35	33
37	35	34.3
38	35	31.6
39	35	32.7
40	35	32.6
41	35	34.7
42	35	33
43	35	33.3
44	35	34.2
45	35	28.6
46	35	29
47	35	34.1
48	35	29.5
49	35	30.5
50	35	34.4
51	35	34
52	35	32
53	35	29.8
54	35	39.1
55	35	40.8
56	35	34.6
57	35	38.7
58	35	35.9
59	35	37.4
60	35	29.8
1	36	28.1
2	36	30
3	36	31.9
4	36	33.1
5	36	30.1
6	36	26.3
7	36	28
8	36	34.7
9	36	31.9
10	36	28.4
11	36	29.9
12	36	30.2
13	36	31.6
14	36	31.3
15	36	29.2
16	36	28
17	36	29.1
18	36	32.7
19	36	30.4
20	36	30.8
21	36	31.6
22	36	33
23	36	32.1
24	36	28.4
25	36	29.1
26	36	27
27	36	32.4
28	36	33
29	36	31.1
30	36	32.2
31	36	28.8
32	36	32.5
33	36	33.5
34	36	35.5
35	36	32.1
36	36	33
37	36	26.6
38	36	32.2
39	36	31.7
40	36	26
41	36	32.7
42	36	30.4
43	36	32
44	36	29.6
45	36	30.2
46	36	32.5
47	36	32.2
48	36	31
49	36	29.3
50	36	31.1
51	36	28.1
52	36	29.7
53	36	31.3
54	36	31.8
55	36	29
56	36	30.8
57	36	31.3
58	36	25.5
59	36	33.9
60	36	30.9
1	37	34
2	37	34.2
3	37	31.1
4	37	34.7
5	37	34.6
6	37	30.3
7	37	35.1
8	37	30.4
9	37	31.6
10	37	32.6
11	37	33.6
12	37	29.4
13	37	28.8
14	37	34.5
15	37	34.5
16	37	30.1
17	37	32.4
18	37	27.8
19	37	30.9
20	37	32.4
21	37	31.2
22	37	32.3
23	37	28.2
24	37	30.4
25	37	31.1
26	37	33.4
27	37	30.6
28	37	33.8
29	37	34.4
30	37	36.2
31	37	31.9
32	37	31.9
33	37	31.8
34	37	31
35	37	32.4
36	37	34
37	37	31.8
38	37	32.2
39	37	34.9
40	37	32.1
41	37	32.7
42	37	31.9
43	37	29.2
44	37	32.4
45	37	29.1
46	37	33.5
47	37	32.4
48	37	33.8
49	37	31.6
50	37	33.5
51	37	32.2
52	37	29.3
53	37	33.2
54	37	31.1
55	37	36.4
56	37	29.8
57	37	34.6
58	37	31.3
59	37	28
60	37	33
1	38	31.7
2	38	33.9
3	38	35
4	38	31.8
5	38	36.4
6	38	32.7
7	38	33
8	38	34.5
9	38	32.6
10	38	33.4
11	38	36.6
12	38	28
13	38	36
14	38	29.5
15	38	32.4
16	38	30.2
17	38	32.2
18	38	34.2
19	38	32.8
20	38	33.7
21	38	32
22	38	30.9
23	38	33
24	38	31.9
25	38	32.9
26	38	32.5
27	38	32.9
28	38	31.2
29	38	31.6
30	38	34.3
31	38	35.2
32	38	34
33	38	36.9
34	38	35.4
35	38	36.3
36	38	35.6
37	38	35.7
38	38	35.8
39	38	37
40	38	38.3
41	38	35.8
42	38	35.6
43	38	34
44	38	32.9
45	38	33.5
46	38	35.2
47	38	38
48	38	37.1
49	38	37.2
50	38	33.5
51	38	34.2
52	38	33.7
53	38	28.9
54	38	35.9
55	38	35.5
56	38	37.8
57	38	36
58	38	33.2
59	38	34.1
60	38	29.2
1	39	28.6
2	39	27.7
3	39	34.3
4	39	31.6
5	39	31.3
6	39	36.2
7	39	34.1
8	39	32
9	39	36
10	39	32.1
11	39	28.9
12	39	33.3
13	39	23.1
14	39	34
15	39	28.7
16	39	33.1
17	39	30.6
18	39	32.6
19	39	31.2
20	39	27.9
21	39	33.1
22	39	26.9
23	39	32.1
24	39	32.5
25	39	26.4
26	39	30.2
27	39	28.1
28	39	36
29	39	33.7
30	39	31.8
31	39	36.6
32	39	36.5
33	39	33.7
34	39	32.1
35	39	32.5
36	39	35.1
37	39	33.4
38	39	32.6
39	39	38.9
40	39	33.8
41	39	32.1
42	39	35.7
43	39	26.6
44	39	29.3
45	39	31.9
46	39	33.7
47	39	33.4
48	39	32.3
49	39	36.3
50	39	28.3
51	39	33.7
52	39	37.5
53	39	27.9
54	39	30.8
55	39	32.3
56	39	34
57	39	34.9
58	39	32.3
59	39	34.4
60	39	35.3
1	40	28.7
2	40	28.5
3	40	30.7
4	40	32.2
5	40	32.4
6	40	32.8
7	40	34.7
8	40	32.4
9	40	34
10	40	33.4
11	40	31.3
12	40	31.9
13	40	28.8
14	40	29.1
15	40	32.6
16	40	32
17	40	29.7
18	40	33.5
19	40	33
20	40	36.1
21	40	29.5
22	40	33.5
23	40	29.7
24	40	34.5
25	40	33
26	40	30
27	40	28.6
28	40	35.4
29	40	31
30	40	31.3
31	40	36.5
32	40	34.4
33	40	34.2
34	40	31.2
35	40	32.8
36	40	30
37	40	33.8
38	40	32.9
39	40	31.5
40	40	33
41	40	31
42	40	30.7
43	40	35.8
44	40	30.9
45	40	32.3
46	40	30.4
47	40	29.7
48	40	31.3
49	40	33.5
50	40	29.5
51	40	30.7
52	40	33.4
53	40	30.9
54	40	33.4
55	40	33.7
56	40	34.4
57	40	36
58	40	35.8
59	40	33.2
60	40	31.7
1	41	34.2
2	41	32.7
3	41	35.7
4	41	38.4
5	41	33.4
6	41	33.4
7	41	37.8
8	41	36.4
9	41	35.6
10	41	31.3
11	41	29.6
12	41	27.4
13	41	33.6
14	41	35.3
15	41	31.1
16	41	35.2
17	41	35
18	41	33.9
19	41	31.2
20	41	35.8
21	41	33.4
22	41	35.4
23	41	34.5
24	41	35.3
25	41	32.3
26	41	35.1
27	41	36.7
28	41	25.9
29	41	29.9
30	41	34.8
31	41	34.5
32	41	35.2
33	41	37.7
34	41	31.4
35	41	32.6
36	41	37.9
37	41	31.6
38	41	33.1
39	41	32.7
40	41	33.9
41	41	35.1
42	41	33.4
43	41	31.2
44	41	33.7
45	41	34.7
46	41	34.3
47	41	30.4
48	41	31.9
49	41	35.1
50	41	34.1
51	41	33.4
52	41	33.5
53	41	39.8
54	41	30.1
55	41	29.5
56	41	34.6
57	41	37
58	41	31.5
59	41	31.5
60	41	34.3
1	42	32.5
2	42	34.5
3	42	37
4	42	31.5
5	42	39.8
6	42	32.6
7	42	32.8
8	42	28.7
9	42	38
10	42	30.7
11	42	33.6
12	42	32
13	42	31.1
14	42	35
15	42	29.4
16	42	28.8
17	42	35.6
18	42	35.7
19	42	29.6
20	42	37.1
21	42	32.1
22	42	29.6
23	42	34.8
24	42	33.6
25	42	31.4
26	42	28
27	42	31.8
28	42	35.5
29	42	32.1
30	42	31.6
31	42	30.7
32	42	35
33	42	32
34	42	32.9
35	42	31.8
36	42	32.8
37	42	29.5
38	42	33.3
39	42	31.3
40	42	32.5
41	42	34.9
42	42	33
43	42	30.1
44	42	32
45	42	34
46	42	33.6
47	42	31.6
48	42	32.1
49	42	35.6
50	42	29.1
51	42	33.4
52	42	30.8
53	42	28.3
54	42	32.9
55	42	29.6
56	42	35.4
57	42	32.7
58	42	34.4
59	42	34.7
60	42	32.1
1	43	30.9
2	43	38.3
3	43	32.2
4	43	34.1
5	43	32.9
6	43	35.7
7	43	33.1
8	43	30.6
9	43	31.7
10	43	33.5
11	43	34.7
12	43	31.5
13	43	41
14	43	34.3
15	43	37.8
16	43	34.6
17	43	35.7
18	43	32.4
19	43	32.3
20	43	35.5
21	43	34
22	43	29.3
23	43	33.3
24	43	31.5
25	43	31.4
26	43	28
27	43	31.8
28	43	35.5
29	43	32.1
30	43	31.6
31	43	30.7
32	43	35
33	43	32
34	43	32.9
35	43	31.8
36	43	32.8
37	43	29.5
38	43	33.3
39	43	31.3
40	43	32.5
41	43	34.9
42	43	33
43	43	30.1
44	43	32
45	43	34
46	43	33.6
47	43	31.6
48	43	32.1
49	43	35.2
50	43	36.4
51	43	37.6
52	43	33.6
53	43	32.9
54	43	33.1
55	43	32.8
56	43	25.1
57	43	30.6
58	43	31.9
59	43	37.6
60	43	32.9
1	44	27.8
2	44	33.4
3	44	33.4
4	44	35.7
5	44	32.1
6	44	32.1
7	44	33.1
8	44	37.5
9	44	32.2
10	44	29.3
11	44	33.6
12	44	34.4
13	44	33.5
14	44	36.5
15	44	30.8
16	44	33.8
17	44	35.6
18	44	27
19	44	28.8
20	44	31.8
21	44	32.2
22	44	31.1
23	44	34.7
24	44	32.3
25	44	31.8
26	44	32.4
27	44	30.2
28	44	33.4
29	44	31.2
30	44	28.8
31	44	33.7
32	44	29.8
33	44	33
34	44	29
35	44	32.1
36	44	31.2
37	44	31.3
38	44	29.8
39	44	33.4
40	44	26.7
41	44	32.8
42	44	29
43	44	32.7
44	44	34
45	44	31.7
46	44	29.4
47	44	31.5
48	44	31.2
49	44	32.6
50	44	31.3
51	44	34.3
52	44	27
53	44	32
54	44	32.5
55	44	31.3
56	44	31.1
57	44	31.6
58	44	31.1
59	44	29.9
60	44	30
1	45	27.9
2	45	27.7
3	45	35.6
4	45	30.9
5	45	37.2
6	45	33.3
7	45	34.3
8	45	34.7
9	45	33.9
10	45	38.7
11	45	31.1
12	45	34
13	45	38.8
14	45	33.7
15	45	34.8
16	45	36.1
17	45	33.5
18	45	36
19	45	35.3
20	45	35.7
21	45	34
22	45	34.7
23	45	33.7
24	45	31.3
25	45	32.9
26	45	31.7
27	45	33.3
28	45	32.2
29	45	32.4
30	45	34.5
31	45	33.7
32	45	37.2
33	45	34.7
34	45	38.8
35	45	39.8
36	45	34.4
37	45	34.7
38	45	32
39	45	33.6
40	45	34.3
41	45	35.1
42	45	35.8
43	45	33.7
44	45	34.2
45	45	30.1
46	45	35.3
47	45	36.5
48	45	30.7
49	45	35
50	45	33.6
51	45	32.9
52	45	36.5
53	45	31
54	45	34.9
55	45	35.1
56	45	33.4
57	45	37.1
58	45	32.7
59	45	37.3
60	45	30.5
1	46	20.8
2	46	36.3
3	46	32.5
4	46	32.8
5	46	36.6
6	46	34.5
7	46	39.8
8	46	32.4
9	46	34.6
10	46	35.5
11	46	34.2
12	46	36.9
13	46	36.9
14	46	30.8
15	46	37.3
16	46	34.3
17	46	34.7
18	46	31.7
19	46	33.9
20	46	31.9
21	46	30.7
22	46	32.9
23	46	35.7
24	46	37.3
25	46	27.8
26	46	31.8
27	46	33.3
28	46	29
29	46	34.8
30	46	33.7
31	46	34.6
32	46	29.3
33	46	34.5
34	46	33.6
35	46	32.2
36	46	31.2
37	46	32
38	46	30
39	46	30.7
40	46	35.9
41	46	32.7
42	46	34.6
43	46	32.3
44	46	32.7
45	46	32.1
46	46	34.6
47	46	32.6
48	46	37.8
49	46	29.2
50	46	35.9
51	46	34.2
52	46	33
53	46	34.1
54	46	34.5
55	46	37.3
56	46	34.1
57	46	32.5
58	46	38.1
59	46	34.4
60	46	30.3
