"row"	"col"	"yield"
1	1	12
2	1	15
3	1	13
4	1	12.4
5	1	12.6
6	1	9.8
7	1	11.4
8	1	11.2
9	1	12.4
10	1	10
11	1	11
12	1	12.4
13	1	10
14	1	10.4
15	1	12.2
16	1	11
17	1	13.8
18	1	11.2
19	1	13
20	1	13.2
21	1	14.6
22	1	14
23	1	13.4
24	1	11.6
25	1	12.6
26	1	10
27	1	11
28	1	14
29	1	11.8
30	1	12.6
31	1	12.4
32	1	12.4
33	1	13.4
34	1	13.8
35	1	14
36	1	12
37	1	13
38	1	13.6
39	1	13.6
40	1	11.4
41	1	14.4
42	1	14.4
43	1	13
44	1	14.2
45	1	14
46	1	13
47	1	14
48	1	15.6
49	1	15
50	1	16
51	1	11.6
52	1	15.2
53	1	14.8
54	1	14
55	1	13.8
56	1	14.2
57	1	14
58	1	16
59	1	16
60	1	13.4
61	1	15.4
62	1	15
63	1	16.6
64	1	14.6
65	1	15.6
66	1	14.6
67	1	14.4
68	1	12
69	1	15.2
70	1	15
71	1	17.4
72	1	16
73	1	15
74	1	14
75	1	14
76	1	13.6
77	1	14.2
78	1	14
79	1	12.2
80	1	13.4
81	1	14.8
82	1	13.6
83	1	13.2
84	1	14
85	1	15
86	1	14
87	1	15.8
88	1	16
89	1	15.2
90	1	16.6
91	1	15.6
92	1	15
93	1	15
94	1	15.2
95	1	15
96	1	13.6
97	1	14
98	1	18
99	1	17
100	1	14.4
101	1	17
102	1	14.4
103	1	15.4
104	1	15.4
105	1	15.8
106	1	16.4
107	1	15.4
108	1	14.4
109	1	12.4
110	1	12.4
111	1	11.4
112	1	11.6
113	1	12
114	1	11.6
115	1	14
116	1	11.4
117	1	14.4
118	1	12.6
119	1	14.2
120	1	15
121	1	16
122	1	14.6
123	1	12
124	1	15
125	1	14.4
126	1	14
127	1	16
128	1	16.2
129	1	17
130	1	15.4
131	1	14
132	1	16
133	1	17.4
134	1	17
135	1	20.6
136	1	15.6
137	1	13.4
138	1	17.8
139	1	21
140	1	20
141	1	20.6
142	1	19
143	1	15.4
144	1	18.2
145	1	18.8
146	1	19.2
147	1	20.8
148	1	21
149	1	17
150	1	18
151	1	15.2
152	1	17
153	1	15.2
154	1	16.2
155	1	15
156	1	14.6
157	1	15
158	1	11.4
159	1	15.6
160	1	15.6
161	1	16.6
162	1	15.6
163	1	14.2
164	1	14.2
165	1	14.6
166	1	13.8
167	1	13.8
168	1	13
169	1	12
170	1	14
171	1	13.2
172	1	15
173	1	15
174	1	14.6
175	1	14.6
176	1	15
177	1	14
178	1	16.2
179	1	13.4
180	1	15
181	1	14.8
182	1	13.4
183	1	12.2
184	1	9.6
185	1	13.2
186	1	14.6
187	1	14.2
188	1	13
189	1	11
190	1	14
191	1	12.4
192	1	9.4
193	1	11
194	1	12.6
195	1	10
196	1	11
197	1	11
198	1	12.4
199	1	11.8
200	1	10.8
201	1	11.2
202	1	10.6
203	1	10.4
204	1	12
205	1	10
206	1	10.2
207	1	12.4
208	1	12
209	1	12.4
210	1	11.8
211	1	11
212	1	13.4
213	1	11.6
214	1	10.6
215	1	10.6
216	1	12.2
217	1	14
218	1	11.4
219	1	8.2
1	2	11.6
2	2	13.8
3	2	10.4
4	2	13.2
5	2	10
6	2	11.2
7	2	10
8	2	10
9	2	9
10	2	9.6
11	2	8.8
12	2	7
13	2	8.2
14	2	8.2
15	2	6.8
16	2	8.4
17	2	11.6
18	2	8.4
19	2	7.6
20	2	8.2
21	2	7
22	2	7.8
23	2	11.4
24	2	9.4
25	2	12.4
26	2	12.6
27	2	10.4
28	2	11
29	2	12.6
30	2	12.2
31	2	11
32	2	13.2
33	2	14.2
34	2	11.2
35	2	13.4
36	2	13.6
37	2	12.2
38	2	14.6
39	2	12.4
40	2	13.4
41	2	12.6
42	2	13.6
43	2	12.2
44	2	15
45	2	13.8
46	2	13.6
47	2	15.6
48	2	15.4
49	2	15.6
50	2	17
51	2	13.2
52	2	14
53	2	14
54	2	14.2
55	2	12.4
56	2	13
57	2	15.4
58	2	14.8
59	2	16
60	2	14.6
61	2	14.4
62	2	15.4
63	2	13.4
64	2	15.2
65	2	15
66	2	13
67	2	15
68	2	13.2
69	2	15
70	2	12
71	2	12.2
72	2	14.4
73	2	13.4
74	2	13.8
75	2	14.8
76	2	15
77	2	13.2
78	2	14.4
79	2	15
80	2	14
81	2	14
82	2	15
83	2	15.6
84	2	15
85	2	16.2
86	2	17
87	2	15
88	2	13.8
89	2	18
90	2	14.6
91	2	16.6
92	2	15.4
93	2	16.4
94	2	14.8
95	2	15.4
96	2	15
97	2	16.8
98	2	17
99	2	14.8
100	2	13.8
101	2	16
102	2	15
103	2	15.4
104	2	14.2
105	2	14
106	2	12.6
107	2	15
108	2	13.4
109	2	13.4
110	2	15.4
111	2	11.4
112	2	13.2
113	2	15
114	2	12.4
115	2	17
116	2	15
117	2	14
118	2	16.6
119	2	13.2
120	2	13.2
121	2	16.4
122	2	14.8
123	2	17.4
124	2	17.4
125	2	17
126	2	15
127	2	15.4
128	2	15
129	2	14.2
130	2	12.8
131	2	15
132	2	14
133	2	14
134	2	13.6
135	2	16.2
136	2	13.6
137	2	14.8
138	2	15
139	2	14.4
140	2	16
141	2	14.4
142	2	18.4
143	2	17.6
144	2	15.4
145	2	17.6
146	2	15
147	2	16.4
148	2	17.2
149	2	12.4
150	2	16
151	2	14
152	2	14
153	2	15.4
154	2	14
155	2	15
156	2	14
157	2	13.6
158	2	14.6
159	2	15
160	2	14
161	2	14.6
162	2	15.6
163	2	12.4
164	2	12.8
165	2	13
166	2	12
167	2	12.4
168	2	13.6
169	2	12.8
170	2	15
171	2	14.2
172	2	15.8
173	2	13.8
174	2	13.2
175	2	12
176	2	12.2
177	2	14.2
178	2	14
179	2	12.8
180	2	13.8
181	2	12.4
182	2	12
183	2	12.4
184	2	13
185	2	12.8
186	2	13
187	2	14.4
188	2	15.2
189	2	14.2
190	2	14.6
191	2	16
192	2	14.6
193	2	14
194	2	15.2
195	2	13.8
196	2	11.8
197	2	11
198	2	11.2
199	2	13.6
200	2	12.4
201	2	10.6
202	2	11
203	2	11
204	2	10.6
205	2	11
206	2	11
207	2	13
208	2	11.4
209	2	13
210	2	13
211	2	12
212	2	13
213	2	15.2
214	2	11.6
215	2	12
216	2	14.4
217	2	10
218	2	11
219	2	9.4
