row	col	grain	straw
20	1	3.63	6.37
19	1	4.07	6.24
18	1	4.51	7.05
17	1	3.9	6.91
16	1	3.63	5.93
15	1	3.16	5.59
14	1	3.18	5.32
13	1	3.42	5.52
12	1	3.97	6.03
11	1	3.4	5.66
10	1	3.39	5.61
9	1	4.43	7.07
8	1	4.52	7.1
7	1	4.46	7.16
6	1	3.46	8.85
5	1	5.13	8.37
4	1	4.23	6.89
3	1	4.38	6.72
2	1	3.85	6.59
1	1	3.61	6.2
20	2	4.15	6.85
19	2	4.21	7.29
18	2	4.29	7.71
17	2	4.64	8.23
16	2	4.27	7.73
15	2	3.55	6.45
14	2	3.5	5.87
13	2	3.35	5.71
12	2	3.61	6.01
11	2	3.71	6.29
10	2	3.64	6.3
9	2	3.7	6.17
8	2	3.79	6.33
7	2	4.09	7.22
6	2	4.42	5.2
5	2	3.89	7.05
4	2	3.87	6.82
3	2	4.12	7.38
2	2	4.28	7.03
1	2	4.22	7.65
20	3	4.06	7.19
19	3	4.15	7.41
18	3	4.4	7.35
17	3	4.05	7.89
16	3	4.92	8.58
15	3	4.08	7.04
14	3	4.23	7.02
13	3	4.07	7.05
12	3	4.67	7.64
11	3	4.27	7.17
10	3	3.84	6.6
9	3	3.82	6.87
8	3	4.41	7.03
7	3	4.39	7.73
6	3	4.29	7.52
5	3	4.26	6.99
4	3	4.23	7.14
3	3	4.39	7.55
2	3	4.69	8.06
1	3	4.42	8.45
20	4	5.13	7.99
19	4	4.64	7.8
18	4	4.69	7.5
17	4	4.04	6.66
16	4	4.64	7.86
15	4	4.73	7.98
14	4	4.39	6.98
13	4	4.66	7.28
12	4	4.49	6.95
11	4	4.42	6.95
10	4	4.51	7.86
9	4	4.45	7.17
8	4	4.57	7.93
7	4	4.31	7.31
6	4	4.08	6.67
5	4	4.32	6.93
4	4	4.58	7.73
3	4	3.92	6.7
2	4	5.16	8.78
1	4	5.09	8.72
20	5	3.04	4.71
19	5	4.03	6.34
18	5	3.77	6.17
17	5	3.49	5.7
16	5	3.76	6.05
15	5	3.61	5.89
14	5	3.28	4.97
13	5	3.72	5.78
12	5	3.75	5.94
11	5	4.13	7.31
10	5	4.01	7.18
9	5	3.59	6.53
8	5	3.94	7.06
7	5	4.29	7.08
6	5	3.96	6.54
5	5	3.78	6.72
4	5	3.19	6.06
3	5	4.84	8.85
2	5	4.46	7.54
1	5	3.66	7.09
20	6	4.48	6.08
19	6	3.74	6.63
18	6	4.46	6.98
17	6	3.91	6.46
16	6	4.1	6.77
15	6	3.66	6.15
14	6	3.56	6.06
13	6	3.84	6.1
12	6	4.11	6.83
11	6	4.2	6.86
10	6	4.21	8.23
9	6	4.37	8.75
8	6	4.47	8.53
7	6	4.47	8.15
6	6	3.96	7.1
5	6	3.54	6.46
4	6	3.49	6.63
3	6	3.94	6.75
2	6	4.41	8.15
1	6	4.22	7.72
20	7	4.75	7.31
19	7	4.56	7.88
18	7	4.76	8.18
17	7	4.52	7.6
16	7	4.4	7.91
15	7	4.39	7.36
14	7	4.94	8.06
13	7	4.44	7.5
12	7	4.64	7.92
11	7	4.66	7.59
10	7	4.77	8.23
9	7	4.45	8.74
8	7	4.42	8.02
7	7	4.37	7.69
6	7	3.89	6.86
5	7	4.27	7.79
4	7	3.91	7.34
3	7	4.38	7.43
2	7	4.68	7.51
1	7	4.06	7.06
20	8	4.04	6.08
19	8	4.27	6.35
18	8	3.76	5.93
17	8	4.52	7.29
16	8	4.17	7.33
15	8	3.84	6.28
14	8	4.06	6.81
13	8	3.4	5.97
12	8	2.99	5.07
11	8	3.61	6.33
10	8	3.95	7.11
9	8	4.08	7.17
8	8	3.92	6.7
7	8	3.44	6.62
6	8	4.11	7.58
5	8	4.12	7.32
4	8	4.41	7.53
3	8	4.24	7.32
2	8	4.37	7.19
1	8	3.97	7.53
20	9	4.14	6.98
19	9	4.03	6.91
18	9	3.3	5.95
17	9	3.05	5.82
16	9	3.67	7.33
15	9	4.26	7.61
14	9	4.32	7.37
13	9	4.07	6.99
12	9	4.37	7.25
11	9	3.99	7.26
10	9	4.17	7.52
9	9	3.72	7.28
8	9	3.86	7.2
7	9	3.82	7.05
6	9	3.73	6.89
5	9	4.13	7.24
4	9	4.21	7.41
3	9	3.96	7.04
2	9	4.15	7.47
1	9	3.89	7.36
20	10	4	5.87
19	10	4.5	6.5
18	10	3.67	6.2
17	10	4.59	5.41
16	10	5.07	8.05
15	10	4.36	5.58
14	10	4.86	7.51
13	10	4.93	7.57
12	10	5.02	8.23
11	10	4.44	7.75
10	10	4.39	7.73
9	10	4.56	7.73
8	10	4.77	7.67
7	10	4.63	7.87
6	10	4.03	7.16
5	10	4.47	7.84
4	10	4.61	7.51
3	10	4.29	6.96
2	10	4.91	7.96
1	10	4.46	6.91
20	11	4.37	6.75
19	11	3.97	6.09
18	11	3.94	6.18
17	11	4.01	5.99
16	11	3.83	6.36
15	11	3.79	5.46
14	11	3.96	6.23
13	11	3.93	6.13
12	11	3.56	5.75
11	11	3.86	6.14
10	11	4.17	7.2
9	11	4.1	6.9
8	11	4.99	7.82
7	11	4.36	7.39
6	11	4.09	7.03
5	11	3.41	5.96
4	11	4.27	7.17
3	11	4.52	7.73
2	11	4.68	8.07
1	11	4.44	6.87
20	12	4.02	6.1
19	12	4.19	6.43
18	12	4.07	6.37
17	12	3.34	5.6
16	12	3.63	6.43
15	12	4.09	6.1
14	12	3.74	6.38
13	12	3.04	4.96
12	12	3.59	6.03
11	12	3.99	6.26
10	12	4.17	7.08
9	12	3.07	6.12
8	12	3.91	7.34
7	12	3.79	6.33
6	12	3.82	7.3
5	12	3.55	6.7
4	12	4.06	7
3	12	4.19	7.3
2	12	5.13	8.31
1	12	4.52	8.17
20	13	4.58	7.23
19	13	4.05	6.57
18	13	3.73	6.02
17	13	4.06	6.19
16	13	3.74	6.13
15	13	3.72	6.03
14	13	4.33	6.79
13	13	3.72	5.97
12	13	4.05	6.82
11	13	3.37	6.25
10	13	4.09	7.28
9	13	3.99	7.13
8	13	4.09	7.72
7	13	3.56	6.69
6	13	3.57	6.55
5	13	3.16	5.84
4	13	3.75	6.31
3	13	4.49	7.57
2	13	4.19	6.93
1	13	3.7	6.8
20	14	3.92	6.33
19	14	3.97	6.03
18	14	4.58	7.23
17	14	3.19	6.56
16	14	4.14	5.98
15	14	3.76	5.49
14	14	3.77	5.48
13	14	3.93	6.07
12	14	3.96	6.35
11	14	3.47	5.78
10	14	3.29	5.71
9	14	3.14	5.05
8	14	3.05	5.7
7	14	3.29	5.71
6	14	3.43	5.38
5	14	3.47	5.84
4	14	3.91	6.21
3	14	3.82	6.37
2	14	4.41	6.78
1	14	4.28	6.97
20	15	3.64	5.11
19	15	3.61	5.58
18	15	3.64	5.86
17	15	3.75	4.62
16	15	3.7	7.67
15	15	3.37	5
14	15	3.71	5.66
13	15	3.71	5.79
12	15	3.75	5.12
11	15	3.09	5.47
10	15	3.37	6.44
9	15	4.86	6.39
8	15	3.39	5.86
7	15	3.64	6.36
6	15	3.73	8.58
5	15	3.3	5.7
4	15	3.51	5.99
3	15	3.6	6.34
2	15	3.54	5.58
1	15	3.24	5.95
20	16	3.66	5.96
19	16	3.82	5.8
18	16	4.07	6.74
17	16	4.54	7.08
16	16	3.92	6.14
15	16	4.01	5.99
14	16	4.59	7.28
13	16	4.76	6.49
12	16	4.73	8.64
11	16	4.2	6.49
10	16	3.74	8.63
9	16	4.36	7.26
8	16	3.6	6.27
7	16	3.6	5.84
6	16	3.39	6.42
5	16	3.39	5.8
4	16	3.45	6.05
3	16	3.14	5.48
2	16	3.01	5.68
1	16	3.29	5.58
20	17	3.57	5.12
19	17	3.44	5
18	17	3.44	5.56
17	17	3.97	6.03
16	17	3.79	5.33
15	17	3.87	5.57
14	17	3.97	6.03
13	17	3.83	6.29
12	17	4.24	6.45
11	17	4.09	6.16
10	17	3.41	5.78
9	17	3.51	6.11
8	17	4.13	6.87
7	17	3.19	5.87
6	17	3.08	5.42
5	17	2.92	4.95
4	17	3.05	7.64
3	17	2.73	4.77
2	17	2.85	4.96
1	17	3.48	5.52
20	18	3.51	5.05
19	18	3.92	5.83
18	18	3.53	4.91
17	18	3.77	5.79
16	18	4.29	5.58
15	18	4.35	6.09
14	18	4.38	6.24
13	18	3.71	5.91
12	18	4.21	6.29
11	18	4.07	6.18
10	18	3.86	6.14
9	18	3.47	5.9
8	18	3.89	6.23
7	18	3.8	6.14
6	18	3.48	5.52
5	18	3.23	5.33
4	18	3.68	5.82
3	18	3.09	5.41
2	18	3.36	6.14
1	18	3.49	5.82
20	19	4.27	6.54
19	19	4.26	8.61
18	19	4.2	6.55
17	19	4.3	5.95
16	19	4.22	6.15
15	19	4.24	5.88
14	19	3.81	5.69
13	19	3.54	5.21
12	19	3.85	6.15
11	19	4.09	5.47
10	19	4.36	7.39
9	19	3.94	6.68
8	19	3.67	6.2
7	19	3.72	6.34
6	19	3.05	5.2
5	19	3.25	5.25
4	19	3.52	5.85
3	19	3.66	5.84
2	19	3.85	6.15
1	19	3.68	6.76
20	20	3.72	5.47
19	20	4.36	6.14
18	20	4.31	6.44
17	20	4.1	5.96
16	20	3.74	5.76
15	20	3.58	5.61
14	20	4.06	6.25
13	20	3.66	5.78
12	20	4.41	6.15
11	20	3.95	6.11
10	20	4.54	7.46
9	20	4.47	7.84
8	20	4.54	7.33
7	20	3.91	6.96
6	20	3.65	6.6
5	20	3.86	6.64
4	20	3.91	6.71
3	20	3.77	6.98
2	20	4.15	6.85
1	20	3.36	6.08
20	21	3.36	4.76
19	21	3.69	5.56
18	21	4.33	6.17
17	21	3.81	6.13
16	21	3.55	5.89
15	21	4.2	5.92
14	21	3.42	5.45
13	21	3.95	5.92
12	21	4.21	6.04
11	21	4.08	7
10	21	4.24	7.2
9	21	4.11	6.95
8	21	4.11	6.64
7	21	3.35	6.27
6	21	3.71	6.29
5	21	3.22	5.4
4	21	3.87	6.13
3	21	3.48	6.14
2	21	3.93	6.57
1	21	3.71	6.35
20	22	3.17	4.95
19	22	3.53	5.09
18	22	3.66	6.15
17	22	3.89	5.92
16	22	3.67	5.45
15	22	3.94	5.87
14	22	3.05	4.57
13	22	3.84	5.66
12	22	3.63	5.81
11	22	4.03	5.72
10	22	4.08	6.54
9	22	3.97	6.47
8	22	4.58	6.79
7	22	4.11	6.64
6	22	3.25	6.37
5	22	3.69	5.93
4	22	3.87	7.5
3	22	3.76	6.11
2	22	3.91	6.09
1	22	3.54	6.21
20	23	2.97	4.53
19	23	3.14	5.11
18	23	3.59	5.41
17	23	3.32	4.62
16	23	3.57	5.24
15	23	4.24	5.82
14	23	3.44	4.56
13	23	3.76	5.24
12	23	4.17	5.58
11	23	3.97	5.65
10	23	3.89	5.98
9	23	4.07	5.8
8	23	4.02	6.35
7	23	4.39	6.11
6	23	3.69	5.18
5	23	3.8	5.7
4	23	4.21	5.48
3	23	3.69	5.43
2	23	4.33	6.04
1	23	3.59	4.66
20	24	4.23	6.08
19	24	4.09	5.91
18	24	3.97	6.28
17	24	3.46	5.41
16	24	3.96	5.6
15	24	3.75	5.5
14	24	2.78	4.28
13	24	3.47	5.59
12	24	3.44	4.81
11	24	2.84	4.1
10	24	3.47	5.84
9	24	3.56	6.38
8	24	3.93	5.69
7	24	3.47	5.78
6	24	3.43	5.82
5	24	3.79	6.21
4	24	3.68	6.01
3	24	3.84	6.35
2	24	4.21	6.98
1	24	3.76	6.36
20	25	4.53	6.78
19	25	3.94	5.68
18	25	4.38	7.49
17	25	3.64	6.55
16	25	4.31	6.56
15	25	4.29	6.15
14	25	3.44	5.68
13	25	4.24	7.26
12	25	4.55	6.32
11	25	3.91	5.96
10	25	3.29	5.65
9	25	3.83	6.29
8	25	4.33	7.11
7	25	3.93	6.07
6	25	3.38	5.68
5	25	3.63	5.99
4	25	4.06	6.88
3	25	3.67	6.33
2	25	4.19	6.93
1	25	3.36	6.33
