year	state	acres	yield
1866	Alabama	977000	120
1866	Arkansas	489000	198
1866	Florida	155000	123
1866	Georgia	895000	122
1866	Louisiana	1020000	57
1866	Mississippi	1668000	86
1866	NorthCarolina	390000	124
1866	Otherstates	402000	116
1866	SouthCarolina	531000	102
1866	Tennessee	649000	121
1866	Texas	490000	325
1867	Alabama	1183000	152
1867	Arkansas	584000	189
1867	Florida	145000	181
1867	Georgia	1033000	181
1867	Louisiana	844000	88
1867	Mississippi	1569000	93
1867	NorthCarolina	559000	129
1867	Otherstates	281000	138
1867	SouthCarolina	564000	191
1867	Tennessee	611000	137
1867	Texas	491000	195
1868	Alabama	1185000	106
1868	Arkansas	531000	220
1868	Florida	120000	130
1868	Georgia	991000	129
1868	Louisiana	652000	169
1868	Mississippi	1290000	137
1868	NorthCarolina	381000	162
1868	Otherstates	225000	150
1868	SouthCarolina	497000	160
1868	Tennessee	520000	170
1868	Texas	581000	197
1869	Alabama	1271000	135
1869	Arkansas	648000	153
1869	Florida	132000	121
1869	Georgia	1247000	152
1869	Louisiana	767000	183
1869	Mississippi	1468000	154
1869	NorthCarolina	417000	139
1869	Otherstates	5000	150
1869	SouthCarolina	574000	156
1869	Tennessee	502000	145
1869	Texas	720000	195
1870	Alabama	1501000	172
1870	Arkansas	741000	256
1870	Florida	148000	170
1870	Georgia	1432000	175
1870	Louisiana	932000	269
1870	Mississippi	1698000	216
1870	NorthCarolina	479000	180
1870	Otherstates	220000	187
1870	SouthCarolina	629000	177
1870	Tennessee	536000	203
1870	Texas	922000	255
1871	Alabama	1384000	138
1871	Arkansas	671000	225
1871	Florida	162000	90
1871	Georgia	1291000	128
1871	Louisiana	868000	172
1871	Mississippi	1514000	163
1871	NorthCarolina	446000	147
1871	SouthCarolina	602000	120
1871	Tennessee	480000	204
1871	Texas	867000	189
1872	Alabama	1600000	149
1872	Arkansas	789000	189
1872	Florida	190000	110
1872	Georgia	1523000	174
1872	Louisiana	980000	228
1872	Mississippi	1716000	193
1872	NorthCarolina	529000	152
1872	SouthCarolina	695000	177
1872	Tennessee	554000	193
1872	Texas	1004000	207
1873	Alabama	1826000	134
1873	Arkansas	895000	192
1873	Florida	210000	110
1873	Georgia	1823000	159
1873	Louisiana	1039000	194
1873	Mississippi	1846000	172
1873	NorthCarolina	640000	138
1873	SouthCarolina	770000	166
1873	Tennessee	641000	192
1873	Texas	1308000	201
1874	Alabama	1646000	127
1874	Arkansas	836000	141
1874	Florida	203000	91
1874	Georgia	1949000	114
1874	Louisiana	975000	242
1874	Mississippi	1701000	157
1874	NorthCarolina	604000	169
1874	SouthCarolina	786000	216
1874	Tennessee	669000	177
1874	Texas	1384000	164
1875	Alabama	1779000	139
1875	Arkansas	880000	278
1875	Florida	217000	88
1875	Georgia	1972000	93
1875	Louisiana	1e+06	306
1875	Mississippi	1790000	216
1875	NorthCarolina	648000	135
1875	SouthCarolina	908000	133
1875	Tennessee	624000	160
1875	Texas	1530000	236
1876	Alabama	1875000	126
1876	Arkansas	959000	238
1876	Florida	208000	106
1876	Georgia	2e+06	112
1876	Louisiana	899000	276
1876	Mississippi	1822000	185
1876	NorthCarolina	686000	136
1876	Otherstates	122000	169
1876	SouthCarolina	974000	141
1876	Tennessee	640000	180
1876	Texas	1562000	196
1877	Alabama	2006000	151
1877	Arkansas	1011000	283
1877	Florida	222000	89
1877	Georgia	2133000	108
1877	Louisiana	991000	266
1877	Mississippi	1964000	184
1877	NorthCarolina	720000	165
1877	SouthCarolina	1039000	142
1877	Tennessee	682000	202
1877	Texas	1838000	152
1878	Alabama	2160000	108
1878	Arkansas	1033000	296
1878	Florida	239000	71
1878	Georgia	2343000	103
1878	Louisiana	961000	215
1878	Mississippi	2025000	160
1878	NorthCarolina	775000	124
1878	Otherstates	121000	240
1878	SouthCarolina	1193000	124
1878	Tennessee	696000	271
1878	Texas	1993000	240
1879	Alabama	2337000	136
1879	Arkansas	1042000	265
1879	Florida	245000	102
1879	Georgia	2621000	141
1879	Louisiana	865000	267
1879	Mississippi	2102000	208
1879	Missouri	32000	284
1879	NorthCarolina	894000	198
1879	Otherstates	29000	280
1879	SouthCarolina	1365000	174
1879	Tennessee	722000	208
1879	Texas	2175000	168
1879	Virginia	45000	202
1880	Alabama	2553000	158
1880	Arkansas	1144000	216
1880	Florida	250000	151
1880	Georgia	2875000	168
1880	Louisiana	920000	187
1880	Mississippi	2265000	184
1880	NorthCarolina	980000	201
1880	Otherstates	119000	300
1880	SouthCarolina	1526000	186
1880	Tennessee	816000	216
1880	Texas	2473000	237
1881	Alabama	2647000	119
1881	Arkansas	1195000	160
1881	Florida	248000	98
1881	Georgia	3e+06	120
1881	Louisiana	948000	223
1881	Mississippi	3354000	169
1881	NorthCarolina	1062000	161
1881	Otherstates	81000	306
1881	SouthCarolina	1557000	159
1881	Tennessee	838000	145
1881	Texas	2553000	153
1882	Alabama	2535000	150
1882	Arkansas	1080000	303
1882	Florida	241000	121
1882	Georgia	2835000	156
1882	Louisiana	9e+05	292
1882	Mississippi	2230000	224
1882	NorthCarolina	954000	228
1882	Otherstates	78000	247
1882	SouthCarolina	1486000	199
1882	Tennessee	740000	214
1882	Texas	2501000	249
1882	Virginia	58000	195
1883	Alabama	2603000	112
1883	Arkansas	1164000	206
1883	Florida	237000	115
1883	Georgia	2879000	121
1883	Louisiana	995000	228
1883	Mississippi	2280000	183
1883	NorthCarolina	991000	186
1883	Otherstates	74000	231
1883	SouthCarolina	1565000	139
1883	Tennessee	732000	197
1883	Texas	2723000	190
1883	Virginia	52000	151
1884	Alabama	2739000	109
1884	Arkansas	1240000	197
1884	Florida	243000	108
1884	Georgia	2970000	125
1884	Louisiana	926000	241
1884	Mississippi	2389000	170
1884	NorthCarolina	1010000	184
1884	Otherstates	74000	194
1884	SouthCarolina	1659000	142
1884	Tennessee	745000	194
1884	Texas	2808000	163
1884	Virginia	46000	140
1885	Alabama	2793000	126
1885	Arkansas	1380000	205
1885	Florida	248000	138
1885	Georgia	3130000	142
1885	Louisiana	1009000	224
1885	Mississippi	2578000	183
1885	NorthCarolina	1053000	179
1885	Otherstates	74000	206
1885	SouthCarolina	1736000	148
1885	Tennessee	761000	196
1885	Texas	3115000	198
1885	Virginia	45000	154
1886	Alabama	2817000	125
1886	Arkansas	1433000	216
1886	Florida	244000	114
1886	Georgia	3082000	131
1886	Louisiana	1052000	210
1886	Mississippi	2668000	164
1886	NorthCarolina	1070000	160
1886	Otherstates	78000	179
1886	SouthCarolina	1778000	131
1886	Tennessee	776000	180
1886	Texas	3329000	211
1886	Virginia	43000	151
1887	Alabama	2802000	141
1887	Arkansas	1491000	192
1887	Florida	237000	130
1887	Georgia	3084000	144
1887	Louisiana	1122000	211
1887	Mississippi	2693000	185
1887	NorthCarolina	1090000	191
1887	Otherstates	81000	174
1887	SouthCarolina	1810000	154
1887	Tennessee	773000	192
1887	Texas	3570000	208
1887	Virginia	40000	187
1888	Alabama	2859000	151
1888	Arkansas	1582000	180
1888	Florida	235000	140
1888	Georgia	3182000	143
1888	Louisiana	1232000	173
1888	Mississippi	2743000	184
1888	NorthCarolina	1109000	157
1888	Otherstates	68000	175
1888	SouthCarolina	1894000	139
1888	Tennessee	791000	216
1888	Texas	3783000	201
1888	Virginia	42000	159
1889	Alabama	2768000	158
1889	Arkansas	1703000	194
1889	Florida	227000	122
1889	Georgia	3352000	170
1889	Louisiana	1270000	248
1889	Mississippi	2891000	191
1889	Missouri	57000	134
1889	NorthCarolina	1147000	140
1889	Otherstates	77000	230
1889	SouthCarolina	1984000	180
1889	Tennessee	748000	122
1889	Texas	3928000	179
1889	Virginia	39000	61
1890	Alabama	2961000	169
1890	Arkansas	1718000	228
1890	Florida	232000	143
1890	Georgia	3484000	164
1890	Louisiana	1288000	231
1890	Mississippi	3015000	198
1890	NorthCarolina	1168000	198
1890	Otherstates	59000	168
1890	SouthCarolina	2033000	174
1890	Tennessee	802000	203
1890	Texas	4177000	226
1891	Alabama	3011000	159
1891	Arkansas	1686000	260
1891	Florida	229000	124
1891	Georgia	3408000	146
1891	Louisiana	1320000	273
1891	Mississippi	3079000	204
1891	NorthCarolina	1099000	179
1891	Otherstates	55000	155
1891	SouthCarolina	1915000	167
1891	Tennessee	776000	231
1891	Texas	4925000	231
1892	Alabama	2663000	112
1892	Arkansas	1432000	200
1892	Florida	192000	99
1892	Georgia	2850000	134
1892	Louisiana	1140000	180
1892	Mississippi	2684000	152
1892	NorthCarolina	891000	161
1892	Otherstates	52000	155
1892	SouthCarolina	1804000	139
1892	Tennessee	640000	179
1892	Texas	4521000	236
1893	Alabama	2742000	140
1893	Arkansas	1463000	220
1893	Florida	207000	126
1893	Georgia	3118000	152
1893	Louisiana	1218000	184
1893	Mississippi	2735000	182
1893	NorthCarolina	982000	193
1893	Otherstates	270000	181
1893	SouthCarolina	1962000	157
1893	Tennessee	629000	208
1893	Texas	4930000	192
1894	Alabama	2840000	152
1894	Arkansas	1603000	224
1894	Florida	203000	119
1894	Georgia	3402000	176
1894	Louisiana	1272000	287
1894	Mississippi	2841000	208
1894	Missouri	61000	198
1894	NorthCarolina	1074000	214
1894	Oklahoma	251000	237
1894	Otherstates	2000	226
1894	SouthCarolina	2059000	201
1894	Tennessee	631000	230
1894	Texas	5612000	277
1894	Virginia	35000	194
1895	Alabama	2639000	120
1895	Arkansas	1365000	182
1895	Florida	194000	96
1895	Georgia	3066000	166
1895	Louisiana	1162000	211
1895	Mississippi	2584000	187
1895	Missouri	45000	127
1895	NorthCarolina	1010000	188
1895	Oklahoma	185000	214
1895	SouthCarolina	1834000	199
1895	Tennessee	561000	147
1895	Texas	5163000	176
1895	Virginia	31000	123
1896	Alabama	3060000	130
1896	Arkansas	1633000	177
1896	Florida	236000	99
1896	Georgia	3462000	179
1896	Louisiana	1258000	215
1896	Mississippi	2893000	198
1896	Missouri	55000	208
1896	NorthCarolina	1169000	213
1896	Oklahoma	356000	165
1896	SouthCarolina	2048000	218
1896	Tennessee	702000	161
1896	Texas	6329000	160
1896	Virginia	29000	197
1897	Alabama	3271000	164
1897	Arkansas	1831000	248
1897	Florida	222000	117
1897	Georgia	3539000	184
1897	Louisiana	1381000	275
1897	Mississippi	2917000	252
1897	Missouri	59000	221
1897	NorthCarolina	1228000	254
1897	Oklahoma	536000	286
1897	SouthCarolina	2216000	224
1897	Tennessee	741000	175
1897	Texas	7159000	190
1897	Virginia	31000	202
1898	Alabama	3274000	177
1898	Arkansas	1755000	258
1898	Florida	209000	82
1898	Georgia	3540000	192
1898	Louisiana	1378000	257
1898	Mississippi	2886000	213
1898	Missouri	51000	316
1898	NorthCarolina	1146000	271
1898	Oklahoma	530000	295
1898	SouthCarolina	2134000	239
1898	Tennessee	699000	228
1898	Texas	7084000	234
1898	Virginia	29000	236
1899	Alabama	3203000	161
1899	Arkansas	1639000	206
1899	Florida	205000	116
1899	Georgia	3521000	167
1899	Louisiana	1378000	243
1899	Mississippi	2902000	204
1899	Missouri	40000	243
1899	NorthCarolina	1004000	209
1899	Oklahoma	636000	163
1899	SouthCarolina	2070000	193
1899	Tennessee	593000	171
1899	Texas	6950000	180
1899	Virginia	22000	187
1900	Alabama	3201000	153
1900	Arkansas	1754000	222
1900	Florida	209000	112
1900	Georgia	3422000	168
1900	Louisiana	1480000	228
1900	Mississippi	3092000	162
1900	Missouri	49000	270
1900	NorthCarolina	989000	230
1900	Oklahoma	766000	224
1900	SouthCarolina	1963000	182
1900	Tennessee	571000	186
1900	Texas	7363000	224
1900	Virginia	27000	194
1901	Alabama	3512000	150
1901	Arkansas	1839000	187
1901	Florida	229000	105
1901	Georgia	3695000	170
1901	Louisiana	1603000	251
1901	Mississippi	3210000	187
1901	Missouri	64000	230
1901	NorthCarolina	1100000	180
1901	Oklahoma	958000	190
1901	SouthCarolina	2076000	159
1901	Tennessee	630000	150
1901	Texas	8105000	148
1901	Virginia	29000	212
1902	Alabama	3390000	135
1902	Arkansas	1802000	258
1902	Florida	258000	110
1902	Georgia	3828000	178
1902	Louisiana	1632000	259
1902	Mississippi	3354000	206
1902	Missouri	64000	320
1902	NorthCarolina	1071000	245
1902	Oklahoma	1162000	226
1902	Otherstates	3000	187
1902	SouthCarolina	2135000	207
1902	Tennessee	626000	243
1902	Texas	8206000	146
1902	Virginia	30000	248
1903	Alabama	3105000	152
1903	Arkansas	1872000	188
1903	Florida	214000	118
1903	Georgia	3985000	152
1903	Louisiana	1640000	241
1903	Mississippi	3591000	191
1903	Missouri	72000	252
1903	NorthCarolina	1162000	217
1903	Oklahoma	1157000	193
1903	Otherstates	2000	174
1903	SouthCarolina	2148000	175
1903	Tennessee	663000	180
1903	Texas	8117000	146
1903	Virginia	34000	184
1904	Alabama	3394000	204
1904	Arkansas	1998000	223
1904	Florida	276000	138
1904	Georgia	3919000	230
1904	Louisiana	1836000	284
1904	Mississippi	3841000	224
1904	Missouri	84000	294
1904	NorthCarolina	1358000	247
1904	Oklahoma	1682000	229
1904	Otherstates	5000	206
1904	SouthCarolina	2243000	245
1904	Tennessee	751000	210
1904	Texas	8658000	174
1904	Virginia	32000	241
1905	Alabama	3255000	182
1905	Arkansas	1743000	170
1905	Florida	270000	123
1905	Georgia	3829000	210
1905	Louisiana	1565000	157
1905	Mississippi	3354000	171
1905	Missouri	72000	284
1905	NorthCarolina	1240000	238
1905	Oklahoma	1614000	201
1905	Otherstates	4000	187
1905	SouthCarolina	2092000	246
1905	Tennessee	667000	200
1905	Texas	8018000	152
1905	Virginia	30000	237
1906	Alabama	3510000	172
1906	Arkansas	1996000	226
1906	Florida	292000	92
1906	Georgia	4475000	170
1906	Louisiana	1637000	289
1906	Mississippi	3628000	202
1906	Missouri	88000	296
1906	NorthCarolina	1328000	208
1906	Oklahoma	2098000	205
1906	Otherstates	5000	202
1906	SouthCarolina	2349000	178
1906	Tennessee	701000	209
1906	Texas	9265000	216
1906	Virginia	32000	207
1907	Alabama	3304000	161
1907	Arkansas	1883000	197
1907	Florida	245000	98
1907	Georgia	4449000	195
1907	Louisiana	1548000	209
1907	Mississippi	3443000	204
1907	Missouri	68000	255
1907	NorthCarolina	1300000	222
1907	Oklahoma	2319000	178
1907	Otherstates	7000	179
1907	SouthCarolina	2226000	240
1907	Tennessee	652000	202
1907	Texas	9262000	119
1907	Virginia	23000	191
1908	Alabama	3494000	184
1908	Arkansas	2019000	245
1908	Florida	266000	115
1908	Georgia	4590000	201
1908	Louisiana	1380000	163
1908	Mississippi	3445000	230
1908	Missouri	90000	330
1908	NorthCarolina	1191000	259
1908	Oklahoma	2189000	151
1908	Otherstates	6000	195
1908	SouthCarolina	2299000	243
1908	Tennessee	720000	229
1908	Texas	9377000	195
1908	Virginia	25000	235
1909	Alabama	3466000	141
1909	Arkansas	1951000	175
1909	Florida	262000	102
1909	Georgia	4536000	190
1909	Louisiana	931000	130
1909	Mississippi	3237000	160
1909	Missouri	79000	273
1909	NorthCarolina	1198000	239
1909	Oklahoma	1974000	132
1909	Otherstates	7000	154
1909	SouthCarolina	2273000	231
1909	Tennessee	715000	165
1909	Texas	9900000	122
1909	Virginia	26000	185
1910	Alabama	3456000	165
1910	Arkansas	1975000	199
1910	California	8000	358
1910	Florida	282000	103
1910	Georgia	4539000	186
1910	Louisiana	870000	135
1910	Mississippi	3322000	182
1910	Missouri	98000	291
1910	NorthCarolina	1251000	269
1910	Oklahoma	2324000	190
1910	Otherstates	12000	166
1910	SouthCarolina	2404000	231
1910	Tennessee	722000	220
1910	Texas	10212000	143
1910	Virginia	33000	214
1911	Alabama	3833000	214
1911	Arkansas	2072000	217
1911	California	12000	390
1911	Florida	319000	128
1911	Georgia	4958000	267
1911	Louisiana	938000	196
1911	Mississippi	3389000	170
1911	Missouri	125000	371
1911	NorthCarolina	1500000	342
1911	Oklahoma	3056000	160
1911	Otherstates	17000	209
1911	SouthCarolina	2589000	304
1911	Tennessee	804000	268
1911	Texas	11261000	181
1911	Virginia	43000	332
1912	Alabama	3561000	180
1912	Arizona	400	300
1912	Arkansas	1895000	200
1912	California	9000	465
1912	Florida	223000	118
1912	Georgia	4690000	181
1912	Louisiana	922000	195
1912	Mississippi	2863000	175
1912	Missouri	97000	275
1912	NorthCarolina	1379000	299
1912	Oklahoma	2587000	189
1912	Otherstates	21000	73
1912	SouthCarolina	2401000	235
1912	Tennessee	731000	181
1912	Texas	11134000	210
1912	Virginia	44000	277
1913	Alabama	3518000	203
1913	Arizona	4000	275
1913	Arkansas	2263000	227
1913	California	28000	331
1913	Florida	217000	134
1913	Georgia	4711000	235
1913	Louisiana	1117000	190
1913	Mississippi	2961000	212
1913	Missouri	110000	292
1913	NorthCarolina	1377000	274
1913	Oklahoma	3242000	124
1913	Otherstates	25000	186
1913	SouthCarolina	2427000	271
1913	Tennessee	811000	224
1913	Texas	12352000	153
1913	Virginia	47000	249
1914	Alabama	3801000	220
1914	Arizona	12000	258
1914	Arkansas	2293000	212
1914	California	38000	341
1914	Florida	263000	154
1914	Georgia	5157000	252
1914	Louisiana	1220000	176
1914	Mississippi	2936000	203
1914	Missouri	140000	280
1914	NorthCarolina	1365000	325
1914	Oklahoma	2850000	212
1914	Otherstates	20000	336
1914	SouthCarolina	2617000	280
1914	Tennessee	850000	216
1914	Texas	12020000	183
1914	Virginia	45000	280
1915	Alabama	3138000	155
1915	Arizona	2600	222
1915	Arkansas	1906000	205
1915	California	12000	348
1915	Florida	233000	105
1915	Georgia	4608000	198
1915	Louisiana	916000	178
1915	Mississippi	2580000	177
1915	Missouri	85000	270
1915	NorthCarolina	1199000	278
1915	Oklahoma	1868000	164
1915	Otherstates	15000	228
1915	SouthCarolina	2148000	252
1915	Tennessee	685000	212
1915	Texas	10523000	147
1915	Virginia	35000	222
1916	Alabama	2664000	95
1916	Arizona	7300	226
1916	Arkansas	2370000	229
1916	California	60000	329
1916	Florida	253000	85
1916	Georgia	5062000	172
1916	Louisiana	1127000	188
1916	Mississippi	3106000	125
1916	Missouri	114000	263
1916	NorthCarolina	1463000	213
1916	Oklahoma	2528000	156
1916	Otherstates	25000	260
1916	SouthCarolina	2470000	180
1916	Tennessee	831000	220
1916	Texas	10954000	163
1916	Virginia	44000	308
1917	Alabama	2033000	121
1917	Arizona	41000	268
1917	Arkansas	2452000	190
1917	California	78000	228
1917	Florida	202000	98
1917	Georgia	4551000	198
1917	Louisiana	1252000	244
1917	Mississippi	2476000	175
1917	Missouri	132000	220
1917	NorthCarolina	1447000	203
1917	Oklahoma	2782000	165
1917	Otherstates	15000	175
1917	SouthCarolina	2568000	230
1917	Tennessee	827000	139
1917	Texas	11339000	132
1917	Virginia	50000	194
1918	Alabama	2449000	156
1918	Arizona	95000	268
1918	Arkansas	2597000	182
1918	California	78000	287
1918	Florida	205000	74
1918	Georgia	4903000	207
1918	Louisiana	1441000	195
1918	Mississippi	2964000	198
1918	Missouri	121000	245
1918	NorthCarolina	1445000	296
1918	Oklahoma	3171000	87
1918	Otherstates	12000	250
1918	SouthCarolina	2821000	266
1918	Tennessee	840000	188
1918	Texas	11851000	109
1918	Virginia	45000	283
1919	Alabama	2556000	133
1919	Arizona	106000	270
1919	Arkansas	2489000	170
1919	California	85000	262
1919	Florida	113000	75
1919	Georgia	4776000	166
1919	Louisiana	1304000	109
1919	Mississippi	2854000	161
1919	Missouri	108000	284
1919	NorthCarolina	1349000	293
1919	Oklahoma	2587000	188
1919	Otherstates	9000	250
1919	SouthCarolina	2599000	262
1919	Tennessee	761000	195
1919	Texas	11165000	133
1919	Virginia	45000	258
1920	Alabama	2546000	124
1920	Arizona	230000	212
1920	Arkansas	2642000	220
1920	California	150000	212
1920	Florida	1e+05	95
1920	Georgia	4332000	156
1920	Louisiana	1243000	149
1920	Mississippi	2891000	148
1920	Missouri	133000	284
1920	NorthCarolina	1421000	310
1920	Oklahoma	3047000	210
1920	Otherstates	25000	252
1920	SouthCarolina	2501000	310
1920	Tennessee	782000	199
1920	Texas	12323000	169
1920	Virginia	42000	267
1921	Alabama	2127000	130
1921	Arizona	90000	242
1921	Arkansas	2242000	170
1921	California	55000	226
1921	Florida	64000	91
1921	Georgia	3476000	108
1921	Louisiana	1009000	132
1921	Mississippi	2590000	150
1921	Missouri	98000	340
1921	NorthCarolina	1266000	292
1921	Oklahoma	2350000	98
1921	Otherstates	18000	231
1921	SouthCarolina	2169000	166
1921	Tennessee	663000	218
1921	Texas	10426000	101
1921	Virginia	35000	251
1922	Alabama	2599000	151
1922	Arizona	101000	222
1922	Arkansas	2614000	185
1922	California	67000	150
1922	Florida	118000	112
1922	Georgia	2868000	119
1922	Louisiana	1032000	159
1922	Mississippi	2902000	163
1922	Missouri	204000	350
1922	NewMexico	29000	201
1922	NorthCarolina	1432000	283
1922	Oklahoma	2831000	106
1922	Otherstates	16000	213
1922	SouthCarolina	1677000	140
1922	Tennessee	850000	220
1922	Texas	11963000	129
1922	Virginia	58000	242
1923	Alabama	3006000	93
1923	Arizona	127000	292
1923	Arkansas	2698000	110
1923	California	83000	313
1923	Florida	155000	42
1923	Georgia	2648000	106
1923	Louisiana	1255000	140
1923	Mississippi	2971000	97
1923	Missouri	288000	210
1923	NewMexico	64000	220
1923	NorthCarolina	1477000	328
1923	Oklahoma	3134000	100
1923	Otherstates	17000	221
1923	SouthCarolina	1649000	223
1923	Tennessee	1047000	103
1923	Texas	14851000	140
1923	Virginia	80000	330
1924	Alabama	2939000	160
1924	Arizona	178000	289
1924	Arkansas	2768000	189
1924	California	129000	287
1924	Florida	87000	115
1924	Georgia	2677000	179
1924	Louisiana	1427000	165
1924	Mississippi	2999000	175
1924	Missouri	480000	192
1924	NewMexico	107000	256
1924	NorthCarolina	1732000	226
1924	Oklahoma	3803000	190
1924	Otherstates	41000	163
1924	SouthCarolina	2047000	188
1924	Tennessee	930000	182
1924	Texas	17049000	139
1924	Virginia	108000	193
1925	Alabama	3314000	195
1925	Arizona	158000	360
1925	Arkansas	3385000	226
1925	California	172000	339
1925	Florida	112000	182
1925	Georgia	3288000	169
1925	Louisiana	1727000	252
1925	Mississippi	3618000	263
1925	Missouri	511000	280
1925	NewMexico	109000	290
1925	NorthCarolina	1798000	291
1925	Oklahoma	5288000	153
1925	Otherstates	57000	214
1925	SouthCarolina	2267000	187
1925	Tennessee	1146000	215
1925	Texas	17336000	115
1925	Virginia	1e+05	277
1926	Alabama	3470000	206
1926	Arizona	160000	365
1926	Arkansas	3376000	219
1926	California	162000	387
1926	Florida	122000	140
1926	Georgia	3593000	199
1926	Louisiana	1802000	220
1926	Mississippi	3732000	242
1926	Missouri	442000	239
1926	NewMexico	118000	305
1926	NorthCarolina	1802000	320
1926	Oklahoma	4611000	184
1926	Otherstates	43000	188
1926	SouthCarolina	2239000	215
1926	Tennessee	1089000	198
1926	Texas	17749000	152
1926	Virginia	98000	275
1927	Alabama	3146000	181
1927	Arizona	131000	335
1927	Arkansas	2729000	175
1927	California	128000	340
1927	Florida	77000	114
1927	Georgia	3056000	172
1927	Louisiana	1448000	181
1927	Mississippi	3323000	195
1927	Missouri	315000	177
1927	NewMexico	97000	345
1927	NorthCarolina	1565000	262
1927	Oklahoma	3601000	138
1927	Otherstates	21000	160
1927	SouthCarolina	2040000	171
1927	Tennessee	912000	188
1927	Texas	15689000	133
1927	Virginia	64000	250
1928	Alabama	3437000	154
1928	Arizona	204000	350
1928	Arkansas	3305000	180
1928	California	218000	378
1928	Florida	111000	93
1928	Georgia	3274000	150
1928	Illinois	1800	249
1928	Kansas	1600	90
1928	Kentucky	18800	150
1928	Louisiana	1836000	180
1928	Mississippi	3875000	182
1928	Missouri	346000	207
1928	NewMexico	122000	345
1928	NorthCarolina	1620000	245
1928	Oklahoma	4007000	144
1928	Otherstates	22000	154
1928	SouthCarolina	2051000	169
1928	Tennessee	1042000	197
1928	Texas	16887000	145
1928	Virginia	77000	297
1929	Alabama	3556000	180
1929	Arizona	220000	333
1929	Arkansas	3441000	199
1929	California	309000	400
1929	Florida	122000	129
1929	Georgia	3376000	190
1929	Illinois	1600	241
1929	Kansas	2600	93
1929	Kentucky	16500	260
1929	Louisiana	1934000	200
1929	Mississippi	4037000	227
1929	Missouri	353000	303
1929	NewMexico	133000	325
1929	NorthCarolina	1635000	217
1929	Oklahoma	4114000	133
1929	Otherstates	21000	238
1929	SouthCarolina	1974000	201
1929	Tennessee	1044000	236
1929	Texas	16875000	112
1929	Virginia	88000	280
1930	Alabama	3582000	196
1930	Arizona	210000	354
1930	Arkansas	3498000	119
1930	California	270000	468
1930	Florida	147000	183
1930	Georgia	3426000	222
1930	Illinois	1500	187
1930	Kansas	2500	132
1930	Kentucky	16100	178
1930	Louisiana	1953000	175
1930	Mississippi	4142000	169
1930	Missouri	383000	193
1930	NewMexico	128000	375
1930	NorthCarolina	1448000	254
1930	Oklahoma	3929000	104
1930	Otherstates	20000	173
1930	SouthCarolina	1951000	245
1930	Tennessee	1129000	160
1930	Texas	16138000	120
1930	Virginia	90000	243
1931	Alabama	3271000	207
1931	Arizona	184000	299
1931	Arkansas	3292000	276
1931	California	192000	440
1931	Florida	139000	165
1931	Georgia	3094000	215
1931	Illinois	1600	346
1931	Kansas	2100	205
1931	Kentucky	14700	375
1931	Louisiana	1825000	236
1931	Mississippi	3994000	211
1931	Missouri	363000	392
1931	NewMexico	117000	412
1931	NorthCarolina	1206000	298
1931	Oklahoma	3376000	179
1931	Otherstates	18000	352
1931	SouthCarolina	1759000	273
1931	Tennessee	1050000	271
1931	Texas	14754000	173
1931	Virginia	70000	317
1932	Alabama	3019000	150
1932	Arizona	113000	293
1932	Arkansas	3378000	187
1932	California	123000	503
1932	Florida	1e+05	84
1932	Georgia	2648000	154
1932	Illinois	2100	345
1932	Kansas	800	210
1932	Kentucky	17700	400
1932	Louisiana	1688000	173
1932	Mississippi	3788000	149
1932	Missouri	414000	362
1932	NewMexico	112000	307
1932	NorthCarolina	1251000	252
1932	Oklahoma	3108000	167
1932	Otherstates	21000	386
1932	SouthCarolina	1661000	206
1932	Tennessee	1063000	216
1932	Texas	13334000	162
1932	Virginia	70000	233
1933	Alabama	2318000	200
1933	Arizona	139000	330
1933	Arkansas	2537000	197
1933	California	208000	500
1933	Florida	94000	144
1933	Georgia	2162000	244
1933	Illinois	3800	279
1933	Kansas	1100	200
1933	Kentucky	20600	308
1933	Louisiana	1295000	176
1933	Mississippi	2830000	196
1933	Missouri	351000	340
1933	NewMexico	96000	468
1933	NorthCarolina	1072000	305
1933	Oklahoma	2860000	212
1933	Otherstates	26000	299
1933	SouthCarolina	1379000	255
1933	Tennessee	883000	241
1933	Texas	11069000	192
1933	Virginia	64000	280
1934	Alabama	2133000	213
1934	Arizona	136000	410
1934	Arkansas	2167000	192
1934	California	223000	556
1934	Florida	92000	145
1934	Georgia	2142000	216
1934	Illinois	6100	305
1934	Kansas	2000	66
1934	Kentucky	23400	288
1934	Louisiana	1189000	195
1934	Mississippi	2530000	216
1934	Missouri	316000	360
1934	NewMexico	90000	480
1934	NorthCarolina	970000	311
1934	Oklahoma	2647000	58
1934	Otherstates	32000	277
1934	SouthCarolina	1286000	252
1934	Tennessee	759000	255
1934	Texas	10097000	114
1934	Virginia	57000	302
1935	Alabama	2243000	226
1935	Arizona	160000	405
1935	Arkansas	2137000	191
1935	California	218000	524
1935	Florida	89000	165
1935	Georgia	2155000	235
1935	Illinois	3400	108
1935	Kansas	900	105
1935	Kentucky	17000	215
1935	Louisiana	1268000	210
1935	Mississippi	2740000	220
1935	Missouri	319000	265
1935	NewMexico	90000	398
1935	NorthCarolina	930000	294
1935	Oklahoma	2318000	117
1935	Otherstates	21000	193
1935	SouthCarolina	1362000	261
1935	Tennessee	750000	202
1935	Texas	10657000	133
1935	Virginia	52000	273
1936	Alabama	2321000	236
1936	Arizona	208000	438
1936	Arkansas	2490000	249
1936	California	368000	574
1936	Florida	88000	170
1936	Georgia	2276000	228
1936	Illinois	3600	297
1936	Kansas	800	60
1936	Kentucky	20200	325
1936	Louisiana	1401000	260
1936	Mississippi	2998000	305
1936	Missouri	410000	360
1936	NewMexico	116000	457
1936	NorthCarolina	957000	298
1936	Oklahoma	2251000	62
1936	Otherstates	25000	313
1936	SouthCarolina	1399000	279
1936	Tennessee	797000	260
1936	Texas	11597000	121
1936	Virginia	53000	298
1937	Alabama	2694000	290
1937	Arizona	299000	501
1937	Arkansas	2782000	328
1937	California	620000	570
1937	Florida	118000	162
1937	Georgia	2661000	270
1937	Illinois	4800	339
1937	Kansas	800	212
1937	Kentucky	24200	370
1937	Louisiana	1569000	337
1937	Mississippi	3421000	377
1937	Missouri	558000	346
1937	NewMexico	159000	490
1937	NorthCarolina	1103000	338
1937	Oklahoma	2372000	156
1937	Otherstates	30000	361
1937	SouthCarolina	1695000	289
1937	Tennessee	937000	338
1937	Texas	12539000	197
1937	Virginia	66000	312
1938	Alabama	2058000	251
1938	Arizona	203000	462
1938	Arkansas	2125000	304
1938	California	341000	596
1938	Florida	76000	163
1938	Georgia	2009000	203
1938	Illinois	4100	302
1938	Kansas	500	156
1938	Kentucky	15800	407
1938	Louisiana	1119000	289
1938	Mississippi	2533000	322
1938	Missouri	357000	450
1938	NewMexico	94000	489
1938	NorthCarolina	857000	216
1938	Oklahoma	1656000	163
1938	Otherstates	20000	379
1938	SouthCarolina	1243000	249
1938	Tennessee	733000	320
1938	Texas	8784000	168
1938	Virginia	40000	149
1939	Alabama	2020000	186
1939	Arizona	188000	514
1939	Arkansas	2125000	319
1939	California	327000	648
1939	Florida	68000	75
1939	Georgia	1929000	227
1939	Illinois	4100	514
1939	Kansas	400	182
1939	Kentucky	15600	466
1939	Louisiana	1120000	319
1939	Mississippi	2540000	299
1939	Missouri	377000	555
1939	NewMexico	93000	523
1939	NorthCarolina	737000	296
1939	Oklahoma	1784000	141
1939	Otherstates	20000	470
1939	SouthCarolina	1218000	342
1939	Tennessee	707000	305
1939	Texas	8520000	160
1939	Virginia	32000	191
1940	Alabama	1961000	190
1940	Arizona	220000	424
1940	Arkansas	2061000	349
1940	California	348000	749
1940	Florida	65000	154
1940	Georgia	1935000	250
1940	Illinois	5000	367
1940	Kansas	500	289
1940	Kentucky	16100	403
1940	Louisiana	1130000	194
1940	Mississippi	2500000	240
1940	Missouri	408000	454
1940	NewMexico	107000	576
1940	NorthCarolina	829000	427
1940	Oklahoma	1822000	211
1940	Otherstates	22000	392
1940	SouthCarolina	1234000	375
1940	Tennessee	715000	340
1940	Texas	8472000	184
1940	Virginia	32000	370
1941	Alabama	1746000	217
1941	Arizona	251000	346
1941	Arkansas	2010000	342
1941	California	351000	551
1941	Florida	61000	135
1941	Georgia	1817000	165
1941	Illinois	5100	551
1941	Kansas	500	224
1941	Kentucky	14600	625
1941	Louisiana	1014000	148
1941	Mississippi	2374000	288
1941	Missouri	415000	549
1941	NewMexico	117000	433
1941	NorthCarolina	795000	333
1941	Oklahoma	1659000	208
1941	Otherstates	20000	598
1941	SouthCarolina	1174000	166
1941	Tennessee	680000	422
1941	Texas	7717000	165
1941	Virginia	35000	382
1942	Alabama	1702000	261
1942	Arizona	271000	342
1942	Arkansas	1970000	362
1942	California	355000	544
1942	Florida	56000	141
1942	Georgia	1714000	240
1942	Illinois	6000	362
1942	Kansas	400	95
1942	Kentucky	15600	506
1942	Louisiana	1001000	285
1942	Mississippi	2392000	395
1942	Missouri	420000	476
1942	NewMexico	130000	409
1942	NorthCarolina	846000	412
1942	Oklahoma	1785000	190
1942	Otherstates	22000	459
1942	SouthCarolina	1139000	294
1942	Tennessee	715000	420
1942	Texas	8044000	182
1942	Virginia	40000	403
1943	Alabama	1620000	285
1943	Arizona	202000	311
1943	Arkansas	1850000	291
1943	California	289000	567
1943	Florida	40000	187
1943	Georgia	1610000	253
1943	Illinois	3100	317
1943	Kansas	200	116
1943	Kentucky	13500	424
1943	Louisiana	982000	362
1943	Mississippi	2500000	354
1943	Missouri	366000	386
1943	NewMexico	110000	471
1943	NorthCarolina	846000	338
1943	Oklahoma	1500000	123
1943	Otherstates	17000	401
1943	SouthCarolina	1145000	291
1943	Tennessee	720000	327
1943	Texas	7780000	174
1943	Virginia	33000	355
1944	Alabama	1393000	347
1944	Arizona	144000	453
1944	Arkansas	1774000	377
1944	California	301000	521
1944	Florida	29000	219
1944	Georgia	1335000	292
1944	Illinois	3800	389
1944	Kentucky	13000	443
1944	Louisiana	850000	351
1944	Mississippi	2325000	400
1944	Missouri	405000	487
1944	NewMexico	114000	488
1944	NorthCarolina	750000	454
1944	Oklahoma	1480000	205
1944	Otherstates	76000	361
1944	SouthCarolina	1060000	391
1944	Tennessee	660000	409
1944	Texas	6950000	183
1944	Virginia	30000	460
1945	Alabama	1379000	324
1945	Arizona	154000	363
1945	Arkansas	1500000	333
1945	California	317000	535
1945	Florida	24000	169
1945	Georgia	1250000	257
1945	Illinois	3300	186
1945	Kentucky	12500	292
1945	Louisiana	750000	248
1945	Mississippi	2240000	334
1945	Missouri	260000	331
1945	NewMexico	116000	436
1945	NorthCarolina	575000	357
1945	Oklahoma	1085000	126
1945	Otherstates	59000	269
1945	SouthCarolina	954000	334
1945	Tennessee	590000	379
1945	Texas	5800000	149
1945	Virginia	19000	397
1946	Alabama	1530000	258
1946	Arizona	145000	521
1946	Arkansas	1700000	361
1946	California	358000	613
1946	Florida	22000	131
1946	Georgia	1210000	221
1946	Illinois	3500	210
1946	Kentucky	10600	429
1946	Louisiana	7e+05	169
1946	Mississippi	2220000	226
1946	Missouri	336000	436
1946	NewMexico	119000	573
1946	NorthCarolina	6e+05	351
1946	Oklahoma	1020000	123
1946	Otherstates	56000	289
1946	SouthCarolina	960000	348
1946	Tennessee	630000	395
1946	Texas	6e+06	134
1946	Virginia	20000	404
1947	Alabama	1500000	298
1947	Arizona	225000	497
1947	Arkansas	2050000	298
1947	California	534000	693
1947	Florida	31000	165
1947	Georgia	1274000	246
1947	Illinois	3500	237
1947	Kentucky	12100	390
1947	Louisiana	770000	314
1947	Mississippi	2350000	320
1947	Missouri	472000	315
1947	NewMexico	163000	528
1947	NorthCarolina	670000	323
1947	Oklahoma	1120000	141
1947	Otherstates	70000	275
1947	SouthCarolina	1050000	297
1947	Tennessee	730000	341
1947	Texas	8352000	198
1947	Virginia	23000	369
1948	Alabama	1630000	353
1948	Arizona	281000	558
1948	Arkansas	2305000	412
1948	California	804000	576
1948	Florida	29000	249
1948	Georgia	1289000	279
1948	Illinois	4500	284
1948	Kentucky	12900	490
1948	Louisiana	890000	408
1948	Mississippi	2560000	441
1948	Missouri	555000	436
1948	Nevada	100	319
1948	NewMexico	209000	542
1948	NorthCarolina	737000	440
1948	Oklahoma	1025000	175
1948	Otherstates	73000	365
1948	SouthCarolina	1120000	372
1948	Tennessee	820000	391
1948	Texas	8613000	176
1948	Virginia	26000	447
1949	Alabama	1890000	216
1949	Arizona	385000	674
1949	Arkansas	2580000	303
1949	California	925000	656
1949	Florida	46000	181
1949	Georgia	1560000	185
1949	Illinois	4900	222
1949	Kentucky	15000	380
1949	Louisiana	950000	329
1949	Mississippi	2730000	261
1949	Missouri	6e+05	368
1949	Nevada	800	316
1949	NewMexico	3e+05	441
1949	NorthCarolina	880000	253
1949	Oklahoma	1300000	225
1949	Otherstates	99000	254
1949	SouthCarolina	1245000	213
1949	Tennessee	895000	338
1949	Texas	11100000	261
1949	Virginia	32000	305
1950	Alabama	1305000	212
1950	Arizona	275000	825
1950	Arkansas	1670000	313
1950	California	581000	805
1950	Florida	31000	226
1950	Georgia	1030000	228
1950	Illinois	3100	190
1950	Kentucky	10100	262
1950	Louisiana	715000	287
1950	Mississippi	2030000	314
1950	Missouri	435000	278
1950	Nevada	100	611
1950	NewMexico	170000	526
1950	NorthCarolina	580000	149
1950	Oklahoma	795000	145
1950	Otherstates	62000	200
1950	SouthCarolina	865000	224
1950	Tennessee	630000	310
1950	Texas	6700000	211
1950	Virginia	18000	120
1951	Alabama	1490000	293
1951	Arizona	573000	671
1951	Arkansas	2045000	292
1951	California	1305000	648
1951	Florida	62000	255
1951	Georgia	1410000	318
1951	Illinois	2700	167
1951	Kentucky	12200	236
1951	Louisiana	935000	391
1951	Mississippi	2340000	329
1951	Missouri	530000	279
1951	Nevada	1300	516
1951	NewMexico	3e+05	435
1951	NorthCarolina	702000	370
1951	Oklahoma	1485000	149
1951	Otherstates	99000	268
1951	SouthCarolina	1100000	379
1951	Tennessee	785000	325
1951	Texas	11850000	165
1951	Virginia	21000	323
1952	Alabama	1585000	269
1952	Arizona	674000	673
1952	Arkansas	1940000	337
1952	California	1386000	628
1952	Florida	60000	249
1952	Georgia	1455000	241
1952	Illinois	2200	180
1952	Kentucky	10000	346
1952	Louisiana	890000	408
1952	Mississippi	2416000	378
1952	Missouri	515000	367
1952	Nevada	1500	569
1952	NewMexico	295000	536
1952	NorthCarolina	745000	366
1952	Oklahoma	1220000	104
1952	Otherstates	1e+05	307
1952	SouthCarolina	1140000	276
1952	Tennessee	860000	355
1952	Texas	10700000	171
1952	Virginia	26000	424
1953	Alabama	1620000	285
1953	Arizona	690000	743
1953	Arkansas	2070000	358
1953	California	1340000	632
1953	Florida	71000	182
1953	Georgia	1375000	262
1953	Illinois	2300	357
1953	Kentucky	10100	480
1953	Louisiana	950000	407
1953	Mississippi	2490000	410
1953	Missouri	555000	386
1953	Nevada	2300	325
1953	NewMexico	315000	497
1953	NorthCarolina	775000	278
1953	Oklahoma	1020000	205
1953	SouthCarolina	1175000	281
1953	Tennessee	950000	354
1953	Texas	8900000	233
1953	Virginia	30000	291
1954	Alabama	1170000	298
1954	Arizona	420000	1039
1954	Arkansas	1700000	380
1954	California	883000	806
1954	Florida	36200	332
1954	Georgia	1025000	286
1954	Illinois	3000	444
1954	Kentucky	9600	588
1954	Louisiana	688000	399
1954	Mississippi	1960000	384
1954	Missouri	450000	478
1954	Nevada	1800	561
1954	NewMexico	204000	743
1954	NorthCarolina	545000	319
1954	Oklahoma	930000	151
1954	SouthCarolina	830000	288
1954	Tennessee	648000	405
1954	Texas	7730000	245
1954	Virginia	17100	285
1955	Alabama	1050000	478
1955	Arizona	355000	981
1955	Arkansas	1460000	545
1955	California	745000	774
1955	Florida	33500	354
1955	Georgia	895000	376
1955	Illinois	2700	317
1955	Kentucky	7800	626
1955	Louisiana	615000	454
1955	Mississippi	1700000	570
1955	Missouri	390000	502
1955	Nevada	2200	430
1955	NewMexico	185000	688
1955	NorthCarolina	480000	350
1955	Oklahoma	790000	281
1955	SouthCarolina	730000	375
1955	Tennessee	570000	523
1955	Texas	6900000	281
1955	Virginia	16500	332
1956	Alabama	972000	370
1956	Arizona	358000	1108
1956	Arkansas	1365000	500
1956	California	749000	924
1956	Florida	30000	215
1956	Georgia	830000	334
1956	Illinois	2900	457
1956	Kentucky	7200	676
1956	Louisiana	562000	496
1956	Mississippi	1595000	483
1956	Missouri	366000	586
1956	Nevada	2000	554
1956	NewMexico	181000	797
1956	NorthCarolina	440000	391
1956	Oklahoma	715000	175
1956	SouthCarolina	682000	360
1956	Tennessee	543000	488
1956	Texas	6200000	280
1956	Virginia	15300	381
1957	Alabama	735000	346
1957	Arizona	352000	1037
1957	Arkansas	1130000	416
1957	California	711000	1035
1957	Florida	20400	237
1957	Georgia	570000	333
1957	Illinois	2000	254
1957	Kentucky	6000	451
1957	Louisiana	440000	380
1957	Mississippi	1335000	388
1957	Missouri	305000	281
1957	Nevada	2200	652
1957	NewMexico	183000	619
1957	NorthCarolina	344000	321
1957	Oklahoma	540000	234
1957	SouthCarolina	5e+05	329
1957	Tennessee	465000	427
1957	Texas	5905000	295
1957	Virginia	12500	329
1958	Alabama	530000	398
1958	Arizona	377000	931
1958	Arkansas	1015000	436
1958	California	732000	1049
1958	Florida	14400	304
1958	Georgia	381000	443
1958	Illinois	1600	208
1958	Kentucky	5200	465
1958	Louisiana	364000	392
1958	Mississippi	1125000	409
1958	Missouri	295000	446
1958	Nevada	2800	785
1958	NewMexico	176000	820
1958	NorthCarolina	263000	466
1958	Oklahoma	410000	365
1958	SouthCarolina	352000	406
1958	Tennessee	4e+05	501
1958	Texas	5395000	383
1958	Virginia	10200	438
1959	Alabama	835000	412
1959	Arizona	383000	893
1959	Arkansas	1305000	566
1959	California	875000	1055
1959	Florida	26500	244
1959	Georgia	655000	381
1959	Illinois	2100	359
1959	Kentucky	7900	631
1959	Louisiana	495000	476
1959	Mississippi	1475000	509
1959	Missouri	4e+05	607
1959	Nevada	3400	848
1959	NewMexico	198000	782
1959	NorthCarolina	390000	395
1959	Oklahoma	625000	292
1959	SouthCarolina	565000	353
1959	Tennessee	510000	620
1959	Texas	6350000	334
1959	Virginia	16000	378
1960	Alabama	860000	421
1960	Arizona	426000	953
1960	Arkansas	1320000	485
1960	California	946000	981
1960	Florida	24500	327
1960	Georgia	653000	371
1960	Illinois	2000	352
1960	Kentucky	8000	565
1960	Louisiana	510000	470
1960	Mississippi	1520000	486
1960	Missouri	412000	548
1960	Nevada	3500	929
1960	NewMexico	201000	693
1960	NorthCarolina	390000	284
1960	Oklahoma	630000	348
1960	SouthCarolina	550000	360
1960	Tennessee	512000	545
1960	Texas	6325000	329
1960	Virginia	15500	321
1961	Alabama	905000	327
1961	Arizona	392000	1010
1961	Arkansas	1360000	512
1961	California	816000	990
1961	Florida	23500	279
1961	Georgia	693000	354
1961	Illinois	1500	211
1961	Kentucky	6400	384
1961	Louisiana	535000	429
1961	Mississippi	1580000	493
1961	Missouri	384000	469
1961	Nevada	3500	838
1961	NewMexico	197000	728
1961	NorthCarolina	396000	337
1961	Oklahoma	645000	274
1961	SouthCarolina	585000	337
1961	Tennessee	538000	493
1961	Texas	6560000	350
1961	Virginia	13400	363
1962	Alabama	9e+05	371
1962	Arizona	405000	1112
1962	Arkansas	1355000	512
1962	California	809000	1132
1962	Florida	20600	371
1962	Georgia	692000	369
1962	Illinois	2000	500
1962	Kentucky	6500	551
1962	Louisiana	565000	464
1962	Mississippi	1585000	512
1962	Missouri	383000	582
1962	Nevada	3500	883
1962	NewMexico	201000	638
1962	NorthCarolina	402000	327
1962	Oklahoma	612000	243
1962	SouthCarolina	575000	373
1962	Tennessee	538000	494
1962	Texas	6500000	348
1962	Virginia	14800	248
1963	Alabama	832000	511
1963	Arizona	387000	1037
1963	Arkansas	1230000	582
1963	California	730000	1124
1963	Florida	23800	384
1963	Georgia	639000	453
1963	Illinois	2100	469
1963	Kentucky	6200	688
1963	Louisiana	519000	628
1963	Mississippi	1438000	709
1963	Missouri	343000	630
1963	Nevada	3300	841
1963	NewMexico	190000	682
1963	NorthCarolina	375000	449
1963	Oklahoma	590000	273
1963	SouthCarolina	536000	405
1963	Tennessee	504000	621
1963	Texas	5850000	362
1963	Virginia	14000	400
1964	Alabama	831000	512
1964	Arizona	375000	1020
1964	Arkansas	1242000	605
1964	Florida	24000	325
1964	Georgia	632000	467
1964	Illinois	2500	510
1964	Kentucky	6300	592
1964	Louisiana	520000	544
1964	Mississippi	1460000	732
1964	Missouri	347000	564
1964	Nevada	3100	777
1964	NorthCarolina	381000	470
1964	Oklahoma	575000	239
1964	SouthCarolina	538000	496
1964	Tennessee	502000	640
1964	Virginia	14700	444
1965	Alabama	809000	505
1965	Arizona	339900	1108
1965	Arkansas	1205000	572
1965	Florida	19000	353
1965	Georgia	577000	467
1965	Illinois	2300	458
1965	Kentucky	6200	619
1965	Louisiana	498000	540
1965	Mississippi	1430000	678
1965	Missouri	334000	559
1965	Nevada	2900	614
1965	NorthCarolina	368000	287
1965	Oklahoma	555000	319
1965	SouthCarolina	489000	486
1965	Tennessee	499000	611
1965	Virginia	14500	273
1966	Alabama	564000	392
1966	Arizona	252200	979
1966	Arkansas	865000	418
1966	Florida	14300	336
1966	Georgia	380000	398
1966	Illinois	500	354
1966	Kentucky	2500	525
1966	Louisiana	357000	602
1966	Mississippi	993000	653
1966	Missouri	190000	408
1966	Nevada	2200	813
1966	NorthCarolina	155000	290
1966	Oklahoma	380000	270
1966	SouthCarolina	305000	442
1966	Tennessee	365000	475
1966	Virginia	6100	180
1967	Alabama	340000	282
1967	Arizona	244700	887
1967	Arkansas	715000	333
1967	Florida	10000	336
1967	Georgia	267000	408
1967	Illinois	200	245
1967	Kentucky	900	322
1967	Louisiana	330000	621
1967	Mississippi	890000	567
1967	Missouri	90000	314
1967	Nevada	2200	867
1967	NorthCarolina	75000	277
1967	Oklahoma	370000	251
1967	SouthCarolina	190000	449
1967	Tennessee	236000	295
1967	Virginia	600	138
1968	Alabama	525000	362
1968	Arizona	298300	1180
1968	Arkansas	980000	502
1968	Florida	11000	431
1968	Georgia	395000	322
1968	Illinois	300	347
1968	Kentucky	3600	574
1968	Louisiana	410000	636
1968	Mississippi	1105000	660
1968	Missouri	190000	495
1968	Nevada	2400	872
1968	NorthCarolina	189000	310
1968	Oklahoma	380000	333
1968	SouthCarolina	340000	352
1968	Tennessee	360000	432
1968	Virginia	6000	242
1969	Alabama	540000	409
1969	Arizona	310400	977
1969	Arkansas	1055000	518
1969	Florida	9700	464
1969	Georgia	385000	351
1969	Illinois	400	460
1969	Kentucky	5400	516
1969	Louisiana	420000	551
1969	Mississippi	1185000	534
1969	Missouri	292000	533
1969	Nevada	2300	654
1969	NorthCarolina	166000	287
1969	Oklahoma	465000	288
1969	SouthCarolina	287000	342
1969	Tennessee	4e+05	505
1969	Virginia	5000	201
1970	Alabama	538000	453
1970	Arizona	273800	859
1970	Arkansas	1070000	470
1970	Florida	8200	436
1970	Georgia	375000	373
1970	Illinois	400	245
1970	Kentucky	3400	344
1970	Louisiana	450000	555
1970	Mississippi	1190000	658
1970	Missouri	250000	431
1970	Nevada	2200	545
1970	NorthCarolina	160000	464
1970	Oklahoma	450000	206
1970	SouthCarolina	290000	349
1970	Tennessee	390000	483
1970	Virginia	4300	384
1971	Alabama	558000	551
1971	Arizona	285400	854
1971	Arkansas	1140000	522
1971	Florida	9300	602
1971	Georgia	385000	466
1971	Illinois	800	242
1971	Kentucky	4300	573
1971	Louisiana	5e+05	576
1971	Mississippi	1325000	613
1971	Missouri	313000	614
1971	Nevada	2300	319
1971	NorthCarolina	175000	371
1971	Oklahoma	396000	215
1971	SouthCarolina	320000	412
1971	Tennessee	425000	597
1971	Virginia	4200	247
1972	Alabama	580000	470
1972	Arizona	310900	1006
1972	Arkansas	1410000	488
1972	Florida	11300	572
1972	Georgia	430000	395
1972	Illinois	1100	256
1972	Kentucky	5000	397
1972	Louisiana	665000	509
1972	Mississippi	1606000	599
1972	Missouri	405000	520
1972	Nevada	2100	607
1972	NorthCarolina	170000	337
1972	Oklahoma	510000	313
1972	SouthCarolina	340000	435
1972	Tennessee	485000	543
1972	Virginia	2500	265
1973	Alabama	510000	423
1973	Arizona	310000	1012
1973	Arkansas	975000	513
1973	Florida	11500	522
1973	Georgia	375000	499
1973	Kentucky	300	486
1973	Louisiana	520000	481
1973	Mississippi	1340000	651
1973	Missouri	173000	501
1973	Nevada	1900	477
1973	NorthCarolina	173000	455
1973	Oklahoma	526000	390
1973	SouthCarolina	294000	473
1973	Tennessee	440000	472
1973	Virginia	2400	440
1974	Alabama	585000	429
1974	Arizona	426700	1179
1974	Arkansas	1130000	374
1974	California	1238300	1006
1974	Florida	12100	503
1974	Georgia	410000	490
1974	Illinois	500	288
1974	Kentucky	4500	280
1974	Louisiana	635000	423
1974	Mississippi	1710000	448
1974	Missouri	330000	335
1974	Nevada	1700	586
1974	NewMexico	154500	500
1974	NorthCarolina	145000	440
1974	Oklahoma	547000	272
1974	SouthCarolina	272000	483
1974	Tennessee	510000	290
1974	Texas	4432800	269
1974	Virginia	1500	384
1975	Alabama	370000	405
1975	Arizona	297800	985
1975	Arkansas	680000	485
1975	California	875100	1072
1975	Florida	3700	346
1975	Georgia	160000	443
1975	Kentucky	600	257
1975	Louisiana	310000	535
1975	Mississippi	1100000	454
1975	Missouri	210000	449
1975	Nevada	1000	721
1975	NewMexico	97500	358
1975	NorthCarolina	53000	412
1975	Oklahoma	295000	277
1975	SouthCarolina	103000	454
1975	Tennessee	315000	339
1975	Texas	3923500	293
1975	Virginia	800	344
1976	Alabama	420000	399
1976	Arizona	370000	1148
1976	Arkansas	950000	392
1976	California	1120100	1064
1976	Florida	7100	514
1976	Georgia	240000	398
1976	Kentucky	1300	258
1976	Louisiana	560000	474
1976	Mississippi	1470000	376
1976	Missouri	260000	305
1976	Nevada	1100	738
1976	NewMexico	70300	519
1976	NorthCarolina	71000	489
1976	Oklahoma	335000	251
1976	SouthCarolina	159000	438
1976	Tennessee	370000	295
1976	Texas	4508000	353
1976	Virginia	600	480
1977	Alabama	395000	337
1977	Arizona	557300	978
1977	Arkansas	930000	534
1977	California	1390300	963
1977	Florida	6100	425
1977	Georgia	170000	232
1977	Kentucky	800	420
1977	Louisiana	540000	583
1977	Mississippi	1360000	581
1977	Missouri	258000	437
1977	Nevada	1300	598
1977	NewMexico	137300	604
1977	NorthCarolina	83000	305
1977	Oklahoma	520000	402
1977	SouthCarolina	153000	342
1977	Tennessee	3e+05	407
1977	Texas	6472500	408
1977	Virginia	700	194
1978	Alabama	315000	443
1978	Arizona	572200	941
1978	Arkansas	760000	417
1978	California	1455100	640
1978	Florida	3600	506
1978	Georgia	115000	463
1978	Louisiana	510000	450
1978	Mississippi	1180000	561
1978	Missouri	182000	496
1978	Nevada	1300	542
1978	NewMexico	122700	446
1978	NorthCarolina	42000	515
1978	Oklahoma	585000	292
1978	SouthCarolina	98000	562
1978	Tennessee	230000	490
1978	Texas	6228000	294
1978	Virginia	100	480
1979	Alabama	305000	510
1979	Arizona	618300	1046
1979	Arkansas	530000	549
1979	California	1635100	1000
1979	Florida	3400	565
1979	Georgia	150000	486
1979	Louisiana	465000	712
1979	Mississippi	1050000	657
1979	Missouri	137000	550
1979	Nevada	1100	655
1979	NewMexico	140800	380
1979	NorthCarolina	45000	459
1979	Oklahoma	580000	432
1979	SouthCarolina	109000	510
1979	Tennessee	230000	357
1979	Texas	6830900	389
1979	Virginia	300	320
1980	Alabama	321000	411
1980	Arizona	591100	1158
1980	Arkansas	645000	330
1980	California	1540100	969
1980	Florida	5900	610
1980	Georgia	160000	258
1980	Louisiana	560000	394
1980	Mississippi	1125000	488
1980	Missouri	241000	353
1980	Nevada	900	640
1980	NewMexico	127000	430
1980	NorthCarolina	65000	381
1980	Oklahoma	565000	174
1980	SouthCarolina	120000	309
1980	Tennessee	275000	349
1980	Texas	6872500	234
1980	Virginia	300	320
1981	Alabama	372000	545
1981	Arizona	632600	1221
1981	Arkansas	560000	518
1981	California	1530000	1109
1981	Florida	17000	601
1981	Georgia	175000	436
1981	Louisiana	695000	512
1981	Mississippi	1200000	626
1981	Missouri	183000	441
1981	Nevada	900	800
1981	NewMexico	112800	600
1981	NorthCarolina	82000	556
1981	Oklahoma	640000	330
1981	SouthCarolina	118000	667
1981	Tennessee	305000	496
1981	Texas	7217600	376
1981	Virginia	300	480
1982	Alabama	285000	775
1982	Arizona	511600	1089
1982	Arkansas	390000	657
1982	California	1370000	1077
1982	Florida	15000	627
1982	Georgia	158000	714
1982	Kansas	400	120
1982	Louisiana	595000	702
1982	Mississippi	990000	853
1982	Missouri	151000	648
1982	Nevada	700	617
1982	NewMexico	77400	546
1982	NorthCarolina	70000	699
1982	Oklahoma	450000	254
1982	SouthCarolina	95000	783
1982	Tennessee	255000	638
1982	Texas	4319500	303
1982	Virginia	300	640
1983	Alabama	215000	409
1983	Arizona	313300	1183
1983	Arkansas	290000	535
1983	California	950000	996
1983	Florida	12000	608
1983	Georgia	115000	467
1983	Kansas	400	240
1983	Louisiana	410000	623
1983	Mississippi	675000	640
1983	Missouri	93000	377
1983	NewMexico	58100	709
1983	NorthCarolina	59000	350
1983	Oklahoma	3e+05	232
1983	SouthCarolina	69000	369
1983	Tennessee	215000	337
1983	Texas	3572300	324
1983	Virginia	400	360
1984	Alabama	307000	699
1984	Arizona	479300	1187
1984	Arkansas	465000	632
1984	California	1400000	999
1984	Florida	17000	847
1984	Georgia	172000	784
1984	Kansas	500	288
1984	Louisiana	645000	786
1984	Mississippi	1032000	767
1984	Missouri	162000	554
1984	NewMexico	79000	604
1984	NorthCarolina	96000	600
1984	Oklahoma	375000	234
1984	SouthCarolina	104000	785
1984	Tennessee	325000	498
1984	Texas	4719300	377
1984	Virginia	1000	528
1985	Alabama	329000	795
1985	Arizona	415300	1198
1985	Arkansas	440000	767
1985	California	1320000	1132
1985	Florida	22500	693
1985	Georgia	245000	725
1985	Kansas	600	320
1985	Louisiana	630000	565
1985	Mississippi	1040000	764
1985	Missouri	150000	653
1985	NewMexico	61900	638
1985	NorthCarolina	87000	646
1985	Oklahoma	360000	380
1985	SouthCarolina	122000	708
1985	Tennessee	335000	600
1985	Texas	4669400	406
1985	Virginia	1300	443
1986	Alabama	313000	506
1986	Arizona	322800	1224
1986	Arkansas	480000	602
1986	California	990000	1088
1986	Florida	19000	707
1986	Georgia	195000	455
1986	Kansas	1000	336
1986	Louisiana	570000	567
1986	Mississippi	1e+06	571
1986	Missouri	160000	588
1986	NewMexico	61100	617
1986	NorthCarolina	81000	646
1986	Oklahoma	350000	288
1986	SouthCarolina	113000	370
1986	Tennessee	335000	567
1986	Texas	3476200	356
1986	Virginia	1300	554
1987	Alabama	333000	572
1987	Arizona	379800	1342
1987	Arkansas	550000	786
1987	California	1140900	1258
1987	Florida	29000	646
1987	Georgia	245000	662
1987	Kansas	900	480
1987	Louisiana	6e+05	782
1987	Mississippi	1010000	829
1987	Missouri	199000	796
1987	NewMexico	75900	680
1987	NorthCarolina	95000	495
1987	Oklahoma	385000	431
1987	SouthCarolina	119000	428
1987	Tennessee	435000	700
1987	Texas	4431000	508
1987	Virginia	1800	373
1988	Alabama	375000	486
1988	Arizona	477000	1113
1988	Arkansas	675000	742
1988	California	1336800	1015
1988	Florida	29000	566
1988	Georgia	315000	564
1988	Kansas	900	373
1988	Louisiana	645000	705
1988	Mississippi	1190000	736
1988	Missouri	242000	607
1988	NewMexico	86800	694
1988	NorthCarolina	124000	515
1988	Oklahoma	435000	334
1988	SouthCarolina	142000	473
1988	Tennessee	530000	529
1988	Texas	5341500	475
1988	Virginia	3200	510
1989	Alabama	322000	571
1989	Arizona	483500	1118
1989	Arkansas	595000	687
1989	California	1057900	1226
1989	Florida	25000	557
1989	Georgia	260000	631
1989	Kansas	400	240
1989	Louisiana	620000	672
1989	Mississippi	1021100	731
1989	Missouri	209000	618
1989	NewMexico	85200	701
1989	NorthCarolina	110000	615
1989	Oklahoma	340000	244
1989	SouthCarolina	118000	626
1989	Tennessee	460000	497
1989	Texas	3828000	376
1989	Virginia	2600	498
1990	Alabama	378000	476
1990	Arizona	472000	1022
1990	Arkansas	750000	692
1990	California	1115500	1201
1990	Florida	36000	640
1990	Georgia	350000	555
1990	Kansas	1200	280
1990	Louisiana	790000	715
1990	Mississippi	1221300	728
1990	Missouri	235000	641
1990	NewMexico	81300	706
1990	NorthCarolina	2e+05	631
1990	Oklahoma	370000	496
1990	SouthCarolina	154000	452
1990	Tennessee	515000	461
1990	Texas	5057000	479
1990	Virginia	5300	562
1991	Alabama	405000	655
1991	Arizona	462000	1125
1991	Arkansas	980000	772
1991	California	1041000	1242
1991	Florida	49000	719
1991	Georgia	427000	812
1991	Kansas	1800	347
1991	Louisiana	820000	828
1991	Mississippi	1230600	888
1991	Missouri	327000	630
1991	NewMexico	84400	466
1991	NorthCarolina	457000	672
1991	Oklahoma	380000	303
1991	SouthCarolina	210000	786
1991	Tennessee	610000	552
1991	Texas	5457000	419
1991	Virginia	17700	765
1992	Alabama	408000	731
1992	Arizona	425000	975
1992	Arkansas	980000	823
1992	California	1105000	1351
1992	Florida	49500	701
1992	Georgia	456000	783
1992	Kansas	800	120
1992	Louisiana	870000	717
1992	Mississippi	1345400	760
1992	Missouri	328000	792
1992	NewMexico	49800	648
1992	NorthCarolina	377000	596
1992	Oklahoma	315000	320
1992	SouthCarolina	192000	565
1992	Tennessee	615000	651
1992	Texas	3585000	445
1992	Virginia	21800	621
1993	Alabama	430000	524
1993	Arizona	371900	1132
1993	Arkansas	970000	541
1993	California	1136000	1324
1993	Florida	53500	696
1993	Georgia	6e+05	586
1993	Kansas	1400	206
1993	Louisiana	875000	606
1993	Mississippi	1300000	572
1993	Missouri	335000	539
1993	NewMexico	59700	777
1993	NorthCarolina	385000	535
1993	Oklahoma	350000	370
1993	SouthCarolina	198000	495
1993	Tennessee	615000	425
1993	Texas	5080000	486
1993	Virginia	22800	634
1994	Alabama	455000	766
1994	Arizona	359900	1150
1994	Arkansas	970000	877
1994	California	1175800	1185
1994	Florida	68000	735
1994	Georgia	875000	843
1994	Kansas	1200	480
1994	Louisiana	890000	815
1994	Mississippi	1270000	806
1994	Missouri	345000	856
1994	NewMexico	60700	747
1994	NorthCarolina	485000	820
1994	Oklahoma	340000	349
1994	SouthCarolina	223000	846
1994	Tennessee	585000	726
1994	Texas	5177000	461
1994	Virginia	41700	944
1995	Alabama	578000	409
1995	Arizona	412100	1008
1995	Arkansas	1110000	635
1995	California	1280000	951
1995	Florida	109000	472
1995	Georgia	1490000	625
1995	Kansas	2600	185
1995	Louisiana	1075000	614
1995	Mississippi	1420000	622
1995	Missouri	453000	544
1995	NewMexico	71000	608
1995	NorthCarolina	8e+05	479
1995	Oklahoma	315000	187
1995	SouthCarolina	342000	528
1995	Tennessee	660000	527
1995	Texas	5783000	375
1995	Virginia	106000	620
1996	Alabama	516000	734
1996	Arizona	355900	1150
1996	Arkansas	990000	793
1996	California	1159000	1145
1996	Florida	98200	637
1996	Georgia	1336000	747
1996	Kansas	4000	492
1996	Louisiana	885000	697
1996	Mississippi	1100000	819
1996	Missouri	385000	737
1996	NewMexico	69000	717
1996	NorthCarolina	730000	659
1996	Oklahoma	210000	306
1996	SouthCarolina	282000	774
1996	Tennessee	530000	611
1996	Texas	4136000	511
1996	Virginia	102000	748
1997	Alabama	442000	597
1997	Arizona	346000	1233
1997	Arkansas	965000	837
1997	California	1059000	1191
1997	Florida	99000	577
1997	Georgia	1425000	646
1997	Kansas	10000	418
1997	Louisiana	650000	728
1997	Mississippi	970000	901
1997	Missouri	390000	695
1997	NewMexico	77000	671
1997	NorthCarolina	685000	652
1997	Oklahoma	190000	462
1997	SouthCarolina	286000	688
1997	Tennessee	480000	662
1997	Texas	5232000	477
1997	Virginia	1e+05	659
1998	Alabama	475000	559
1998	Arizona	263500	1156
1998	Arkansas	9e+05	645
1998	California	8e+05	899
1998	Florida	80000	489
1998	Georgia	1280000	578
1998	Kansas	16500	404
1998	Louisiana	525000	586
1998	Mississippi	940000	737
1998	Missouri	357000	471
1998	NewMexico	67600	642
1998	NorthCarolina	705000	699
1998	Oklahoma	120000	560
1998	SouthCarolina	286000	587
1998	Tennessee	445000	589
1998	Texas	3332000	526
1998	Virginia	91000	765
1999	Alabama	561000	535
1999	Arizona	277900	1265
1999	Arkansas	960000	714
1999	California	844000	1241
1999	Florida	106000	516
1999	Georgia	1300000	579
1999	Kansas	28000	375
1999	Louisiana	610000	709
1999	Mississippi	1180000	704
1999	Missouri	377000	601
1999	NewMexico	86000	668
1999	NorthCarolina	825000	475
1999	Oklahoma	150000	461
1999	SouthCarolina	315000	428
1999	Tennessee	565000	505
1999	Texas	5132000	477
1999	Virginia	108000	635
2000	Alabama	530000	492
2000	Arizona	282900	1354
2000	Arkansas	950000	720
2000	California	914000	1342
2000	Florida	106000	480
2000	Georgia	1350000	591
2000	Kansas	37000	288
2000	Louisiana	695000	629
2000	Mississippi	1280000	642
2000	Missouri	388000	668
2000	NewMexico	71100	713
2000	NorthCarolina	925000	742
2000	Oklahoma	145000	503
2000	SouthCarolina	290000	627
2000	Tennessee	565000	603
2000	Texas	4416000	432
2000	Virginia	108000	738
2001	Alabama	605000	730
2001	Arizona	297500	1137
2001	Arkansas	1065000	826
2001	California	864000	1338
2001	Florida	124000	612
2001	Georgia	1480000	720
2001	Kansas	35500	407
2001	Louisiana	855000	580
2001	Mississippi	1600000	719
2001	Missouri	4e+05	834
2001	NewMexico	70200	920
2001	NorthCarolina	965000	832
2001	Oklahoma	185000	511
2001	SouthCarolina	296000	686
2001	Tennessee	615000	763
2001	Texas	4266500	483
2001	Virginia	104000	929
2002	Alabama	540000	507
2002	Arizona	221200	1368
2002	Arkansas	920000	871
2002	California	686000	1444
2002	Florida	105000	439
2002	Georgia	1360000	557
2002	Kansas	68000	539
2002	Louisiana	495000	717
2002	Mississippi	1150000	808
2002	Missouri	368000	796
2002	NewMexico	57100	844
2002	NorthCarolina	920000	421
2002	Oklahoma	180000	557
2002	SouthCarolina	2e+05	314
2002	Tennessee	530000	741
2002	Texas	4518300	540
2002	Virginia	98000	465
2003	Alabama	510000	772
2003	Arizona	215400	1236
2003	Arkansas	945000	916
2003	California	694000	1290
2003	Florida	92000	610
2003	Georgia	1290000	785
2003	Kansas	80000	537
2003	Louisiana	510000	967
2003	Mississippi	1090000	934
2003	Missouri	390000	862
2003	NewMexico	44000	908
2003	NorthCarolina	770000	646
2003	Oklahoma	170000	616
2003	SouthCarolina	218000	718
2003	Tennessee	530000	806
2003	Texas	4370000	480
2003	Virginia	85000	674
2004	Alabama	540000	724
2004	Arizona	241000	1451
2004	Arkansas	9e+05	1114
2004	California	771000	1540
2004	Florida	87000	601
2004	Georgia	1280000	674
2004	Kansas	80000	424
2004	Louisiana	490000	867
2004	Mississippi	1100000	1024
2004	Missouri	378000	1054
2004	NewMexico	74500	850
2004	NorthCarolina	725000	900
2004	Oklahoma	2e+05	727
2004	SouthCarolina	214000	875
2004	Tennessee	525000	900
2004	Texas	5370500	695
2004	Virginia	81000	956
2005	Alabama	545000	747
2005	Arizona	233100	1281
2005	Arkansas	1040000	1016
2005	California	657000	1186
2005	Florida	85000	762
2005	Georgia	1210000	849
2005	Kansas	66000	638
2005	Louisiana	6e+05	878
2005	Mississippi	1200000	859
2005	Missouri	438000	947
2005	NewMexico	62500	998
2005	NorthCarolina	810000	852
2005	Oklahoma	240000	716
2005	SouthCarolina	265000	743
2005	Tennessee	635000	848
2005	Texas	5624000	724
2005	Virginia	92000	955
2006	Alabama	560000	579
2006	Arizona	195000	1402
2006	Arkansas	1160000	1045
2006	California	557000	1263
2006	Florida	101000	789
2006	Georgia	1370000	818
2006	Kansas	110000	511
2006	Louisiana	630000	946
2006	Mississippi	1220000	829
2006	Missouri	496000	953
2006	NewMexico	60500	897
2006	NorthCarolina	865000	713
2006	Oklahoma	180000	541
2006	SouthCarolina	298000	697
2006	Tennessee	695000	945
2006	Texas	4130000	679
2006	Virginia	104000	717
2007	Alabama	385000	519
2007	Arizona	170500	1460
2007	Arkansas	850000	1071
2007	California	451000	1536
2007	Florida	81000	687
2007	Georgia	995000	801
2007	Kansas	43000	639
2007	Louisiana	330000	1017
2007	Mississippi	655000	966
2007	Missouri	379000	968
2007	NewMexico	43600	1070
2007	NorthCarolina	490000	767
2007	Oklahoma	165000	817
2007	SouthCarolina	158000	486
2007	Tennessee	510000	565
2007	Texas	4724000	843
2007	Virginia	59000	829
2008	Alabama	286000	787
2008	Arizona	133800	1456
2008	Arkansas	615000	1012
2008	California	268000	1379
2008	Florida	65000	916
2008	Georgia	920000	835
2008	Kansas	25000	653
2008	Louisiana	234000	576
2008	Mississippi	360000	911
2008	Missouri	303000	1106
2008	NewMexico	36900	963
2008	NorthCarolina	428000	847
2008	Oklahoma	155000	811
2008	SouthCarolina	134000	881
2008	Tennessee	280000	909
2008	Texas	3265000	658
2008	Virginia	60000	908
2009	Alabama	248000	668
2009	Arizona	145600	1473
2009	Arkansas	5e+05	818
2009	California	186000	1551
2009	Florida	78000	723
2009	Georgia	990000	902
2009	Kansas	34000	748
2009	Louisiana	225000	745
2009	Mississippi	290000	687
2009	Missouri	260000	927
2009	NewMexico	32300	1129
2009	NorthCarolina	370000	990
2009	Oklahoma	195000	785
2009	SouthCarolina	114000	872
2009	Tennessee	280000	843
2009	Texas	3517800	635
2009	Virginia	63000	1052
2010	Alabama	338000	682
2010	Arizona	195500	1509
2010	Arkansas	540000	1045
2010	California	303000	1337
2010	Florida	89000	766
2010	Georgia	1315000	821
2010	Kansas	50000	787
2010	Louisiana	249000	842
2010	Mississippi	410000	993
2010	Missouri	308000	1068
2010	NewMexico	49700	1156
2010	NorthCarolina	545000	838
2010	Oklahoma	270000	750
2010	SouthCarolina	201000	898
2010	Tennessee	387000	845
2010	Texas	5366500	704
2010	Virginia	82000	732
2011	Alabama	443000	742
2011	Arizona	258000	1526
2011	Arkansas	660000	929
2011	California	454000	1418
2011	Florida	118000	744
2011	Georgia	1495000	791
2011	Kansas	65000	510
2011	Louisiana	290000	846
2011	Mississippi	605000	952
2011	Missouri	367000	969
2011	NewMexico	61400	1049
2011	NorthCarolina	8e+05	616
2011	Oklahoma	70000	597
2011	SouthCarolina	301000	828
2011	Tennessee	490000	796
2011	Texas	2868500	592
2011	Virginia	115000	676
