"row"	"col"	"yield"
1	1	22
2	1	25
3	1	21
4	1	19
5	1	19
6	1	20
7	1	23
8	1	23
9	1	21
10	1	20
11	1	19
12	1	15
13	1	15
14	1	29
15	1	22
16	1	18
17	1	21
18	1	20
19	1	22
20	1	19
21	1	25
22	1	22
23	1	24
24	1	24
25	1	22
26	1	24
27	1	26
28	1	NA
1	2	23
2	2	26
3	2	21
4	2	18
5	2	21
6	2	22
7	2	22
8	2	20
9	2	21
10	2	15
11	2	18
12	2	12
13	2	15
14	2	18
15	2	21
16	2	21
17	2	20
18	2	22
19	2	26
20	2	23
21	2	24
22	2	23
23	2	23
24	2	26
25	2	23
26	2	26
27	2	28
28	2	NA
1	3	22
2	3	23
3	3	22
4	3	21
5	3	21
6	3	18
7	3	17
8	3	17
9	3	18
10	3	14
11	3	16
12	3	13
13	3	18
14	3	20
15	3	19
16	3	26
17	3	23
18	3	21
19	3	23
20	3	21
21	3	24
22	3	22
23	3	21
24	3	21
25	3	22
26	3	26
27	3	22
28	3	NA
1	4	17
2	4	21
3	4	22
4	4	19
5	4	20
6	4	16
7	4	16
8	4	18
9	4	17
10	4	16
11	4	14
12	4	15
13	4	16
14	4	15
15	4	19
16	4	17
17	4	17
18	4	20
19	4	17
20	4	17
21	4	22
22	4	19
23	4	20
24	4	21
25	4	21
26	4	21
27	4	21
28	4	NA
1	5	21
2	5	24
3	5	23
4	5	18
5	5	18
6	5	15
7	5	14
8	5	17
9	5	18
10	5	14
11	5	16
12	5	16
13	5	17
14	5	16
15	5	16
16	5	13
17	5	15
18	5	17
19	5	16
20	5	17
21	5	20
22	5	15
23	5	17
24	5	15
25	5	15
26	5	19
27	5	20
28	5	NA
1	6	19
2	6	21
3	6	22
4	6	19
5	6	18
6	6	15
7	6	16
8	6	18
9	6	17
10	6	16
11	6	16
12	6	15
13	6	17
14	6	15
15	6	16
16	6	18
17	6	17
18	6	16
19	6	18
20	6	16
21	6	20
22	6	16
23	6	17
24	6	19
25	6	18
26	6	16
27	6	18
28	6	NA
1	7	20
2	7	21
3	7	22
4	7	22
5	7	17
6	7	15
7	7	16
8	7	17
9	7	19
10	7	14
11	7	14
12	7	18
13	7	17
14	7	18
15	7	19
16	7	15
17	7	19
18	7	17
19	7	14
20	7	17
21	7	22
22	7	16
23	7	17
24	7	17
25	7	18
26	7	19
27	7	18
28	7	NA
1	8	22
2	8	18
3	8	26
4	8	24
5	8	18
6	8	19
7	8	19
8	8	25
9	8	21
10	8	23
11	8	21
12	8	20
13	8	23
14	8	22
15	8	17
16	8	15
17	8	20
18	8	20
19	8	19
20	8	19
21	8	19
22	8	18
23	8	17
24	8	22
25	8	18
26	8	17
27	8	19
28	8	NA
1	9	22
2	9	20
3	9	25
4	9	22
5	9	21
6	9	18
7	9	17
8	9	25
9	9	24
10	9	22
11	9	21
12	9	21
13	9	22
14	9	20
15	9	21
16	9	18
17	9	18
18	9	20
19	9	17
20	9	17
21	9	20
22	9	17
23	9	18
24	9	16
25	9	19
26	9	19
27	9	18
28	9	NA
1	10	20
2	10	21
3	10	23
4	10	24
5	10	24
6	10	17
7	10	19
8	10	25
9	10	24
10	10	26
11	10	21
12	10	22
13	10	22
14	10	23
15	10	22
16	10	19
17	10	22
18	10	21
19	10	18
20	10	24
21	10	23
22	10	22
23	10	20
24	10	19
25	10	20
26	10	18
27	10	20
28	10	NA
1	11	19
2	11	21
3	11	22
4	11	23
5	11	25
6	11	20
7	11	17
8	11	26
9	11	27
10	11	22
11	11	20
12	11	19
13	11	22
14	11	19
15	11	18
16	11	18
17	11	21
18	11	21
19	11	18
20	11	24
21	11	21
22	11	20
23	11	21
24	11	19
25	11	20
26	11	17
27	11	18
28	11	NA
1	12	23
2	12	22
3	12	25
4	12	22
5	12	22
6	12	22
7	12	18
8	12	25
9	12	23
10	12	20
11	12	18
12	12	19
13	12	21
14	12	19
15	12	19
16	12	17
17	12	17
18	12	17
19	12	17
20	12	19
21	12	23
22	12	18
23	12	18
24	12	18
25	12	18
26	12	19
27	12	18
28	12	NA
1	13	20
2	13	22
3	13	23
4	13	21
5	13	21
6	13	18
7	13	19
8	13	19
9	13	19
10	13	17
11	13	17
12	13	17
13	13	18
14	13	17
15	13	19
16	13	17
17	13	20
18	13	19
19	13	17
20	13	21
21	13	22
22	13	19
23	13	17
24	13	18
25	13	20
26	13	17
27	13	18
28	13	NA
1	14	21
2	14	21
3	14	19
4	14	23
5	14	17
6	14	18
7	14	17
8	14	18
9	14	21
10	14	16
11	14	16
12	14	16
13	14	17
14	14	18
15	14	19
16	14	17
17	14	18
18	14	22
19	14	21
20	14	18
21	14	16
22	14	16
23	14	16
24	14	21
25	14	21
26	14	18
27	14	18
28	14	NA
1	15	19
2	15	20
3	15	23
4	15	20
5	15	19
6	15	18
7	15	16
8	15	17
9	15	18
10	15	16
11	15	15
12	15	17
13	15	17
14	15	15
15	15	18
16	15	17
17	15	17
18	15	19
19	15	20
20	15	23
21	15	17
22	15	14
23	15	17
24	15	17
25	15	20
26	15	19
27	15	17
28	15	NA
1	16	24
2	16	20
3	16	23
4	16	22
5	16	19
6	16	23
7	16	20
8	16	16
9	16	21
10	16	18
11	16	18
12	16	20
13	16	18
14	16	17
15	16	19
16	16	21
17	16	19
18	16	23
19	16	18
20	16	21
21	16	16
22	16	18
23	16	19
24	16	19
25	16	20
26	16	20
27	16	19
28	16	NA
1	17	22
2	17	22
3	17	21
4	17	19
5	17	23
6	17	18
7	17	15
8	17	16
9	17	16
10	17	19
11	17	18
12	17	18
13	17	17
14	17	17
15	17	16
16	17	15
17	17	17
18	17	19
19	17	16
20	17	19
21	17	20
22	17	18
23	17	19
24	17	17
25	17	21
26	17	19
27	17	18
28	17	NA
1	18	19
2	18	19
3	18	21
4	18	21
5	18	21
6	18	18
7	18	19
8	18	16
9	18	19
10	18	19
11	18	22
12	18	18
13	18	18
14	18	18
15	18	16
16	18	16
17	18	13
18	18	17
19	18	16
20	18	19
21	18	17
22	18	17
23	18	16
24	18	15
25	18	18
26	18	17
27	18	15
28	18	NA
1	19	19
2	19	21
3	19	22
4	19	19
5	19	17
6	19	19
7	19	18
8	19	15
9	19	18
10	19	19
11	19	19
12	19	18
13	19	16
14	19	16
15	19	15
16	19	13
17	19	13
18	19	14
19	19	13
20	19	18
21	19	20
22	19	19
23	19	17
24	19	16
25	19	18
26	19	14
27	19	15
28	19	NA
1	20	19
2	20	21
3	20	20
4	20	17
5	20	17
6	20	20
7	20	20
8	20	18
9	20	17
10	20	18
11	20	16
12	20	19
13	20	17
14	20	16
15	20	22
16	20	16
17	20	16
18	20	21
19	20	21
20	20	19
21	20	24
22	20	19
23	20	18
24	20	17
25	20	22
26	20	20
27	20	18
28	20	NA
1	21	22
2	21	20
3	21	21
4	21	20
5	21	19
6	21	19
7	21	20
8	21	21
9	21	23
10	21	18
11	21	20
12	21	20
13	21	19
14	21	20
15	21	21
16	21	22
17	21	19
18	21	25
19	21	22
20	21	23
21	21	27
22	21	24
23	21	20
24	21	19
25	21	24
26	21	21
27	21	19
28	21	NA
1	22	21
2	22	20
3	22	22
4	22	18
5	22	19
6	22	19
7	22	18
8	22	22
9	22	18
10	22	19
11	22	18
12	22	18
13	22	20
14	22	19
15	22	19
16	22	19
17	22	15
18	22	20
19	22	18
20	22	22
21	22	25
22	22	23
23	22	19
24	22	17
25	22	21
26	22	19
27	22	19
28	22	NA
1	23	17
2	23	21
3	23	21
4	23	18
5	23	17
6	23	19
7	23	20
8	23	22
9	23	21
10	23	20
11	23	19
12	23	20
13	23	18
14	23	23
15	23	19
16	23	18
17	23	19
18	23	20
19	23	20
20	23	21
21	23	24
22	23	22
23	23	20
24	23	18
25	23	20
26	23	17
27	23	17
28	23	NA
1	24	17
2	24	22
3	24	25
4	24	20
5	24	20
6	24	22
7	24	22
8	24	22
9	24	22
10	24	19
11	24	19
12	24	19
13	24	18
14	24	21
15	24	20
16	24	22
17	24	20
18	24	20
19	24	20
20	24	23
21	24	27
22	24	24
23	24	19
24	24	19
25	24	22
26	24	19
27	24	19
28	24	NA
1	25	18
2	25	20
3	25	23
4	25	19
5	25	18
6	25	26
7	25	23
8	25	24
9	25	21
10	25	19
11	25	19
12	25	22
13	25	22
14	25	27
15	25	25
16	25	22
17	25	19
18	25	23
19	25	21
20	25	21
21	25	26
22	25	25
23	25	21
24	25	20
25	25	20
26	25	19
27	25	18
28	25	NA
1	26	21
2	26	23
3	26	25
4	26	24
5	26	21
6	26	27
7	26	24
8	26	22
9	26	24
10	26	25
11	26	22
12	26	22
13	26	25
14	26	25
15	26	23
16	26	22
17	26	19
18	26	22
19	26	18
20	26	23
21	26	26
22	26	22
23	26	22
24	26	21
25	26	19
26	26	21
27	26	19
28	26	NA
1	27	21
2	27	19
3	27	22
4	27	19
5	27	22
6	27	27
7	27	22
8	27	26
9	27	27
10	27	21
11	27	21
12	27	24
13	27	21
14	27	24
15	27	20
16	27	17
17	27	20
18	27	21
19	27	19
20	27	20
21	27	26
22	27	20
23	27	22
24	27	16
25	27	17
26	27	20
27	27	18
28	27	NA
1	28	22
2	28	22
3	28	28
4	28	21
5	28	21
6	28	24
7	28	27
8	28	25
9	28	24
10	28	25
11	28	22
12	28	20
13	28	19
14	28	19
15	28	20
16	28	15
17	28	19
18	28	22
19	28	19
20	28	19
21	28	24
22	28	24
23	28	23
24	28	17
25	28	18
26	28	20
27	28	18
28	28	20
1	29	18
2	29	22
3	29	20
4	29	20
5	29	21
6	29	22
7	29	27
8	29	23
9	29	25
10	29	22
11	29	20
12	29	22
13	29	20
14	29	24
15	29	20
16	29	17
17	29	17
18	29	21
19	29	19
20	29	22
21	29	26
22	29	23
23	29	21
24	29	19
25	29	20
26	29	17
27	29	20
28	29	17
1	30	23
2	30	23
3	30	23
4	30	19
5	30	19
6	30	23
7	30	27
8	30	24
9	30	22
10	30	23
11	30	21
12	30	21
13	30	22
14	30	19
15	30	23
16	30	20
17	30	16
18	30	25
19	30	20
20	30	22
21	30	23
22	30	22
23	30	19
24	30	16
25	30	21
26	30	20
27	30	19
28	30	20
1	31	20
2	31	20
3	31	24
4	31	21
5	31	21
6	31	18
7	31	25
8	31	22
9	31	26
10	31	23
11	31	22
12	31	22
13	31	21
14	31	22
15	31	20
16	31	21
17	31	20
18	31	23
19	31	24
20	31	21
21	31	26
22	31	23
23	31	18
24	31	20
25	31	22
26	31	16
27	31	21
28	31	16
1	32	22
2	32	22
3	32	26
4	32	24
5	32	20
6	32	20
7	32	24
8	32	21
9	32	20
10	32	20
11	32	20
12	32	22
13	32	22
14	32	24
15	32	24
16	32	22
17	32	23
18	32	23
19	32	23
20	32	22
21	32	25
22	32	22
23	32	21
24	32	18
25	32	20
26	32	21
27	32	20
28	32	21
1	33	21
2	33	20
3	33	24
4	33	20
5	33	19
6	33	20
7	33	20
8	33	18
9	33	20
10	33	17
11	33	16
12	33	22
13	33	22
14	33	23
15	33	20
16	33	21
17	33	20
18	33	22
19	33	22
20	33	19
21	33	19
22	33	20
23	33	17
24	33	17
25	33	18
26	33	19
27	33	23
28	33	15
1	34	21
2	34	20
3	34	20
4	34	19
5	34	19
6	34	19
7	34	17
8	34	20
9	34	19
10	34	15
11	34	17
12	34	17
13	34	18
14	34	19
15	34	20
16	34	17
17	34	21
18	34	25
19	34	23
20	34	17
21	34	21
22	34	19
23	34	20
24	34	16
25	34	19
26	34	19
27	34	21
28	34	21
1	35	22
2	35	20
3	35	22
4	35	22
5	35	20
6	35	22
7	35	23
8	35	19
9	35	18
10	35	17
11	35	16
12	35	15
13	35	19
14	35	20
15	35	21
16	35	18
17	35	15
18	35	24
19	35	20
20	35	17
21	35	23
22	35	20
23	35	19
24	35	16
25	35	17
26	35	19
27	35	21
28	35	20
1	36	21
2	36	16
3	36	23
4	36	22
5	36	20
6	36	21
7	36	20
8	36	14
9	36	16
10	36	16
11	36	15
12	36	13
13	36	18
14	36	21
15	36	18
16	36	19
17	36	16
18	36	21
19	36	19
20	36	18
21	36	21
22	36	17
23	36	14
24	36	18
25	36	20
26	36	17
27	36	20
28	36	21
1	37	20
2	37	17
3	37	25
4	37	22
5	37	18
6	37	19
7	37	17
8	37	17
9	37	18
10	37	17
11	37	16
12	37	14
13	37	18
14	37	18
15	37	18
16	37	13
17	37	13
18	37	20
19	37	20
20	37	19
21	37	16
22	37	14
23	37	18
24	37	15
25	37	16
26	37	19
27	37	24
28	37	20
1	38	19
2	38	18
3	38	25
4	38	25
5	38	22
6	38	20
7	38	19
8	38	17
9	38	18
10	38	17
11	38	18
12	38	17
13	38	16
14	38	16
15	38	18
16	38	17
17	38	15
18	38	16
19	38	17
20	38	17
21	38	20
22	38	18
23	38	18
24	38	15
25	38	21
26	38	18
27	38	21
28	38	21
1	39	20
2	39	20
3	39	26
4	39	24
5	39	23
6	39	22
7	39	21
8	39	19
9	39	21
10	39	16
11	39	14
12	39	15
13	39	16
14	39	20
15	39	19
16	39	16
17	39	18
18	39	19
19	39	19
20	39	19
21	39	19
22	39	17
23	39	17
24	39	14
25	39	18
26	39	18
27	39	21
28	39	22
1	40	20
2	40	20
3	40	26
4	40	23
5	40	21
6	40	20
7	40	19
8	40	21
9	40	20
10	40	21
11	40	15
12	40	20
13	40	17
14	40	22
15	40	21
16	40	18
17	40	19
18	40	21
19	40	22
20	40	19
21	40	20
22	40	19
23	40	17
24	40	18
25	40	17
26	40	17
27	40	21
28	40	22
1	41	21
2	41	23
3	41	22
4	41	22
5	41	22
6	41	19
7	41	22
8	41	21
9	41	21
10	41	17
11	41	18
12	41	20
13	41	21
14	41	18
15	41	20
16	41	16
17	41	18
18	41	23
19	41	23
20	41	20
21	41	19
22	41	16
23	41	18
24	41	18
25	41	19
26	41	17
27	41	21
28	41	24
1	42	21
2	42	21
3	42	26
4	42	22
5	42	23
6	42	21
7	42	20
8	42	24
9	42	27
10	42	21
11	42	18
12	42	20
13	42	18
14	42	21
15	42	19
16	42	22
17	42	27
18	42	24
19	42	20
20	42	20
21	42	22
22	42	18
23	42	21
24	42	22
25	42	19
26	42	20
27	42	21
28	42	25
1	43	23
2	43	19
3	43	22
4	43	23
5	43	22
6	43	21
7	43	21
8	43	24
9	43	23
10	43	20
11	43	18
12	43	17
13	43	20
14	43	19
15	43	18
16	43	18
17	43	23
18	43	27
19	43	21
20	43	19
21	43	19
22	43	18
23	43	21
24	43	26
25	43	21
26	43	19
27	43	21
28	43	27
1	44	25
2	44	21
3	44	23
4	44	24
5	44	20
6	44	20
7	44	22
8	44	28
9	44	19
10	44	16
11	44	21
12	44	18
13	44	19
14	44	23
15	44	19
16	44	19
17	44	22
18	44	22
19	44	18
20	44	18
21	44	21
22	44	17
23	44	21
24	44	22
25	44	19
26	44	22
27	44	22
28	44	25
1	45	27
2	45	18
3	45	19
4	45	24
5	45	25
6	45	22
7	45	22
8	45	23
9	45	19
10	45	18
11	45	16
12	45	19
13	45	19
14	45	19
15	45	20
16	45	21
17	45	20
18	45	23
19	45	18
20	45	17
21	45	19
22	45	19
23	45	23
24	45	23
25	45	20
26	45	21
27	45	22
28	45	26
1	46	23
2	46	19
3	46	20
4	46	24
5	46	24
6	46	23
7	46	22
8	46	22
9	46	18
10	46	18
11	46	16
12	46	16
13	46	18
14	46	21
15	46	19
16	46	23
17	46	20
18	46	24
19	46	21
20	46	17
21	46	21
22	46	18
23	46	23
24	46	22
25	46	23
26	46	21
27	46	24
28	46	20
1	47	21
2	47	19
3	47	21
4	47	24
5	47	24
6	47	19
7	47	22
8	47	21
9	47	21
10	47	19
11	47	18
12	47	15
13	47	20
14	47	18
15	47	20
16	47	21
17	47	22
18	47	17
19	47	18
20	47	19
21	47	17
22	47	19
23	47	22
24	47	20
25	47	19
26	47	24
27	47	21
28	47	24
1	48	24
2	48	18
3	48	19
4	48	23
5	48	23
6	48	23
7	48	24
8	48	21
9	48	18
10	48	18
11	48	21
12	48	19
13	48	19
14	48	19
15	48	24
16	48	27
17	48	26
18	48	24
19	48	22
20	48	24
21	48	23
22	48	20
23	48	23
24	48	22
25	48	21
26	48	19
27	48	26
28	48	23
1	49	25
2	49	17
3	49	18
4	49	24
5	49	21
6	49	23
7	49	22
8	49	20
9	49	18
10	49	17
11	49	16
12	49	15
13	49	18
14	49	18
15	49	20
16	49	21
17	49	17
18	49	20
19	49	20
20	49	22
21	49	21
22	49	22
23	49	24
24	49	22
25	49	20
26	49	20
27	49	20
28	49	21
1	50	27
2	50	18
3	50	19
4	50	24
5	50	24
6	50	23
7	50	24
8	50	20
9	50	22
10	50	16
11	50	20
12	50	18
13	50	15
14	50	17
15	50	23
16	50	22
17	50	21
18	50	23
19	50	18
20	50	18
21	50	21
22	50	20
23	50	19
24	50	22
25	50	22
26	50	18
27	50	21
28	50	22
1	51	25
2	51	18
3	51	17
4	51	21
5	51	24
6	51	26
7	51	19
8	51	21
9	51	18
10	51	19
11	51	15
12	51	17
13	51	17
14	51	18
15	51	23
16	51	23
17	51	22
18	51	26
19	51	17
20	51	17
21	51	15
22	51	16
23	51	21
24	51	21
25	51	19
26	51	20
27	51	22
28	51	20
1	52	24
2	52	19
3	52	19
4	52	21
5	52	21
6	52	22
7	52	22
8	52	22
9	52	24
10	52	20
11	52	23
12	52	22
13	52	19
14	52	21
15	52	23
16	52	24
17	52	24
18	52	24
19	52	22
20	52	22
21	52	17
22	52	19
23	52	21
24	52	20
25	52	21
26	52	17
27	52	22
28	52	21
1	53	25
2	53	20
3	53	20
4	53	20
5	53	22
6	53	25
7	53	23
8	53	21
9	53	22
10	53	21
11	53	17
12	53	21
13	53	19
14	53	21
15	53	23
16	53	20
17	53	20
18	53	25
19	53	23
20	53	21
21	53	21
22	53	18
23	53	20
24	53	18
25	53	21
26	53	19
27	53	22
28	53	22
1	54	24
2	54	17
3	54	16
4	54	19
5	54	23
6	54	20
7	54	25
8	54	22
9	54	20
10	54	19
11	54	20
12	54	21
13	54	21
14	54	20
15	54	22
16	54	23
17	54	23
18	54	21
19	54	19
20	54	17
21	54	18
22	54	19
23	54	21
24	54	21
25	54	19
26	54	22
27	54	20
28	54	21
1	55	27
2	55	20
3	55	18
4	55	20
5	55	23
6	55	22
7	55	22
8	55	19
9	55	20
10	55	21
11	55	18
12	55	19
13	55	17
14	55	16
15	55	19
16	55	19
17	55	20
18	55	23
19	55	18
20	55	22
21	55	24
22	55	15
23	55	19
24	55	20
25	55	22
26	55	17
27	55	21
28	55	19
