"plot"	"row"	"col"	"year"	"yield"
1	3	33	"Y1"	7.7
2	4	33	"Y1"	12.2
3	5	33	"Y1"	8.8
4	6	33	"Y1"	7.3
5	7	33	"Y1"	6.8
6	8	33	"Y1"	6.1
7	9	33	"Y1"	8.5
8	10	33	"Y1"	2.8
9	11	33	"Y1"	6.7
10	12	33	"Y1"	7.8
11	13	33	"Y1"	6.1
12	14	33	"Y1"	5.2
3	15	33	"Y1"	6.4
15	16	33	"Y1"	1.5
15	17	33	"Y1"	5
16	18	33	"Y1"	6.5
17	21	33	"Y1"	3.7
18	22	33	"Y1"	0.7
19	23	33	"Y1"	5.7
20	24	33	"Y1"	9.8
21	25	33	"Y1"	1.5
22	26	33	"Y1"	1.6
25	27	33	"Y1"	1.8
25	28	33	"Y1"	1.8
25	29	33	"Y1"	6.1
26	30	33	"Y1"	3.9
27	31	33	"Y1"	2.5
28	31	32	"Y1"	1.4
29	30	32	"Y1"	4.3
30	29	32	"Y1"	5.8
31	28	32	"Y1"	2.4
32	27	32	"Y1"	3.5
33	26	32	"Y1"	7.3
34	25	32	"Y1"	5.5
35	24	32	"Y1"	4.4
36	23	32	"Y1"	6.6
37	22	32	"Y1"	7.4
38	21	32	"Y1"	4.7
39	20	32	"Y1"	4.3
40	19	32	"Y1"	4.5
41	18	32	"Y1"	3.9
42	17	32	"Y1"	3.4
43	16	32	"Y1"	7
44	15	32	"Y1"	8.9
45	14	32	"Y1"	3.5
46	13	32	"Y1"	10.7
47	12	32	"Y1"	5.1
48	11	32	"Y1"	8
49	10	32	"Y1"	7.7
50	9	32	"Y1"	4
51	8	32	"Y1"	7.1
52	7	32	"Y1"	8.6
53	6	32	"Y1"	8
54	5	32	"Y1"	5.5
55	4	32	"Y1"	4.7
56	3	32	"Y1"	2.2
57	2	32	"Y1"	10.4
58	1	32	"Y1"	5
59	2	31	"Y1"	5.7
60	3	31	"Y1"	2.7
61	4	31	"Y1"	8.6
62	5	31	"Y1"	3.8
63	6	31	"Y1"	6.6
64	7	31	"Y1"	6.2
65	8	31	"Y1"	0.2
66	9	31	"Y1"	3.8
67	10	31	"Y1"	4.4
68	11	31	"Y1"	7.2
69	12	31	"Y1"	2.3
70	13	31	"Y1"	3.4
71	14	31	"Y1"	5.1
72	15	31	"Y1"	3.3
73	16	31	"Y1"	5.2
74	17	31	"Y1"	1
75	18	31	"Y1"	3.3
76	19	31	"Y1"	3.7
77	20	31	"Y1"	4.5
78	21	31	"Y1"	5.2
79	22	31	"Y1"	2.5
80	23	31	"Y1"	3.9
81	24	31	"Y1"	7.3
82	25	31	"Y1"	5
83	26	31	"Y1"	5.8
84	27	31	"Y1"	4.4
85	28	31	"Y1"	12.1
86	29	31	"Y1"	4.6
87	30	31	"Y1"	2.3
88	31	31	"Y1"	6.2
89	32	31	"Y1"	1.4
90	32	30	"Y1"	2.4
91	31	30	"Y1"	4.9
92	30	30	"Y1"	4.4
93	29	30	"Y1"	5.5
94	28	30	"Y1"	6.5
95	27	30	"Y1"	5.9
96	26	30	"Y1"	5.6
97	25	30	"Y1"	5.7
98	24	30	"Y1"	5.2
99	23	30	"Y1"	6
100	22	30	"Y1"	0.4
101	21	30	"Y1"	2.6
102	20	30	"Y1"	6.6
103	19	30	"Y1"	2.9
104	18	30	"Y1"	6.9
105	17	30	"Y1"	5.9
106	16	30	"Y1"	2.9
107	15	30	"Y1"	1.8
108	14	30	"Y1"	3.8
109	13	30	"Y1"	2.9
110	12	30	"Y1"	2.7
111	11	30	"Y1"	1.1
112	10	30	"Y1"	0.3
113	9	30	"Y1"	0.9
114	8	30	"Y1"	3.7
115	7	30	"Y1"	4.4
116	6	30	"Y1"	2.8
117	5	30	"Y1"	5.8
118	4	30	"Y1"	2.3
119	3	30	"Y1"	1.5
120	3	29	"Y1"	2.2
121	4	29	"Y1"	3.3
122	5	29	"Y1"	3
123	6	29	"Y1"	0.3
124	7	29	"Y1"	0.6
125	8	29	"Y1"	0.1
126	9	29	"Y1"	4.4
127	10	29	"Y1"	4.2
128	11	29	"Y1"	10.6
129	12	29	"Y1"	4.8
130	13	29	"Y1"	2.7
131	14	29	"Y1"	5.9
132	15	29	"Y1"	5.9
133	16	29	"Y1"	5.4
134	17	29	"Y1"	5
135	18	29	"Y1"	5.2
136	19	29	"Y1"	9.1
137	20	29	"Y1"	2.7
138	21	29	"Y1"	0.9
139	22	29	"Y1"	8.2
140	23	29	"Y1"	5.5
141	24	29	"Y1"	6.8
142	25	29	"Y1"	12.7
143	26	29	"Y1"	6
144	27	29	"Y1"	1.7
145	28	29	"Y1"	6.6
146	29	29	"Y1"	4.1
147	30	29	"Y1"	1.1
148	31	29	"Y1"	4.2
149	32	29	"Y1"	4.6
150	33	29	"Y1"	2.2
151	34	28	"Y1"	5.1
152	33	28	"Y1"	5
153	32	28	"Y1"	3.3
154	31	28	"Y1"	0.8
155	30	28	"Y1"	6.1
156	29	28	"Y1"	2
157	28	28	"Y1"	2.8
158	27	28	"Y1"	8.6
159	26	28	"Y1"	5.3
160	25	28	"Y1"	4.8
161	24	28	"Y1"	3.4
162	23	28	"Y1"	2.3
163	22	28	"Y1"	4.2
164	21	28	"Y1"	0.8
165	20	28	"Y1"	4
166	19	28	"Y1"	2
167	18	28	"Y1"	2.2
168	17	28	"Y1"	3.3
169	16	28	"Y1"	5.3
170	15	28	"Y1"	3.6
171	14	28	"Y1"	0.7
172	13	28	"Y1"	3.3
173	12	28	"Y1"	1.8
174	11	28	"Y1"	2.2
175	10	28	"Y1"	1.4
176	9	28	"Y1"	1
177	8	28	"Y1"	2
178	7	28	"Y1"	2.3
179	6	28	"Y1"	3.5
180	5	28	"Y1"	1.6
181	4	28	"Y1"	9.8
182	5	27	"Y1"	7.3
183	6	27	"Y1"	5.2
184	7	27	"Y1"	0.1
185	8	27	"Y1"	11.8
186	9	27	"Y1"	1.7
187	10	27	"Y1"	0.1
188	11	27	"Y1"	0.8
189	12	27	"Y1"	2.1
190	13	27	"Y1"	1.5
191	14	27	"Y1"	0.7
192	15	27	"Y1"	0.4
193	16	27	"Y1"	5.1
194	17	27	"Y1"	4.3
195	18	27	"Y1"	6.6
196	19	27	"Y1"	5.2
197	20	27	"Y1"	4.4
198	21	27	"Y1"	1.6
199	22	27	"Y1"	1.9
200	23	27	"Y1"	1.5
201	24	27	"Y1"	2.9
202	25	27	"Y1"	0.6
203	26	27	"Y1"	1.4
204	27	27	"Y1"	10
205	28	27	"Y1"	3.9
206	29	27	"Y1"	3.4
207	30	27	"Y1"	5.5
208	31	27	"Y1"	3.1
209	32	27	"Y1"	2.8
210	33	27	"Y1"	6
211	34	27	"Y1"	3.6
212	35	26	"Y1"	8.1
213	34	26	"Y1"	4.2
214	33	26	"Y1"	9.8
215	32	26	"Y1"	2.7
216	31	26	"Y1"	4.8
217	30	26	"Y1"	1.4
218	29	26	"Y1"	5.6
219	28	26	"Y1"	12.1
220	27	26	"Y1"	0.6
221	26	26	"Y1"	0.2
222	25	26	"Y1"	2.3
223	24	26	"Y1"	13.7
224	23	26	"Y1"	1.9
225	22	26	"Y1"	2.6
226	21	26	"Y1"	4.6
227	20	26	"Y1"	6.8
228	19	26	"Y1"	8.6
229	18	26	"Y1"	9.5
230	17	26	"Y1"	9.8
231	16	26	"Y1"	1.2
232	15	26	"Y1"	3
233	14	26	"Y1"	2.7
234	13	26	"Y1"	2.1
235	12	26	"Y1"	3.4
236	11	26	"Y1"	4.7
237	10	26	"Y1"	6.9
238	9	26	"Y1"	3.3
239	8	26	"Y1"	1.9
240	7	26	"Y1"	4.9
241	6	26	"Y1"	2.4
242	5	26	"Y1"	5.2
243	6	25	"Y1"	5
244	7	25	"Y1"	2.4
245	8	25	"Y1"	3.2
246	9	25	"Y1"	4.8
247	10	25	"Y1"	4.5
248	11	25	"Y1"	4.9
249	12	25	"Y1"	5.3
250	13	25	"Y1"	7.7
251	14	25	"Y1"	8.6
252	15	25	"Y1"	0.5
253	16	25	"Y1"	7.9
254	17	25	"Y1"	4.4
255	18	25	"Y1"	6.6
256	19	25	"Y1"	7
257	20	25	"Y1"	4.9
258	21	25	"Y1"	5.5
259	22	25	"Y1"	2.4
260	23	25	"Y1"	0.1
261	24	25	"Y1"	5.8
262	25	25	"Y1"	7.4
263	26	25	"Y1"	8.2
264	27	25	"Y1"	5.1
265	28	25	"Y1"	13.6
266	29	25	"Y1"	10.2
267	30	25	"Y1"	9.1
268	31	25	"Y1"	9.5
269	32	25	"Y1"	7.3
270	33	25	"Y1"	12.8
271	34	25	"Y1"	15.9
272	35	25	"Y1"	5.7
273	36	24	"Y1"	9
274	35	24	"Y1"	12
275	34	24	"Y1"	10.6
276	33	24	"Y1"	3.9
277	32	24	"Y1"	4.5
278	31	24	"Y1"	2.3
279	30	24	"Y1"	4.9
280	29	24	"Y1"	5.3
281	28	24	"Y1"	8.7
282	27	24	"Y1"	0.7
283	26	24	"Y1"	6.2
284	25	24	"Y1"	5.8
285	24	24	"Y1"	3.6
286	23	24	"Y1"	3.7
287	22	24	"Y1"	7.2
288	21	24	"Y1"	1.1
289	20	24	"Y1"	7
290	19	24	"Y1"	0.8
291	18	24	"Y1"	5.2
292	17	24	"Y1"	5.6
293	16	24	"Y1"	5
294	15	24	"Y1"	0.6
295	14	24	"Y1"	6
296	13	24	"Y1"	0.6
297	12	24	"Y1"	7
298	11	24	"Y1"	1.3
299	10	24	"Y1"	0.6
300	9	24	"Y1"	1
301	8	24	"Y1"	6
302	7	24	"Y1"	12.7
303	7	23	"Y1"	0
304	8	23	"Y1"	1.9
305	9	23	"Y1"	3.1
306	10	23	"Y1"	2
307	11	23	"Y1"	10.3
308	12	23	"Y1"	2
309	13	23	"Y1"	3.3
310	15	23	"Y1"	3.4
311	16	23	"Y1"	2.9
312	17	23	"Y1"	2.1
313	18	23	"Y1"	2.4
314	19	23	"Y1"	4.1
315	20	23	"Y1"	4.2
316	21	23	"Y1"	13.7
317	22	23	"Y1"	3.3
318	23	23	"Y1"	1.8
319	24	23	"Y1"	7.4
320	25	23	"Y1"	8.9
321	26	23	"Y1"	7
322	27	23	"Y1"	10.8
323	28	23	"Y1"	4.1
324	29	23	"Y1"	15.9
325	30	23	"Y1"	11.6
326	31	23	"Y1"	5.5
327	32	23	"Y1"	6.1
328	33	23	"Y1"	8.3
329	34	23	"Y1"	4.5
330	35	23	"Y1"	15.1
331	36	23	"Y1"	9.7
332	36	22	"Y1"	2.2
333	35	22	"Y1"	6.9
334	34	22	"Y1"	10.8
335	33	22	"Y1"	1.5
336	32	22	"Y1"	0.3
337	31	22	"Y1"	1
338	30	22	"Y1"	1.1
339	29	22	"Y1"	0.7
340	28	22	"Y1"	1.4
341	27	22	"Y1"	0.4
342	26	22	"Y1"	3.9
343	25	22	"Y1"	1.8
344	24	22	"Y1"	2.2
345	23	22	"Y1"	3.4
346	22	22	"Y1"	3.1
347	21	22	"Y1"	2.4
348	20	22	"Y1"	2.2
349	19	22	"Y1"	0.8
350	18	22	"Y1"	1.2
351	17	22	"Y1"	1.8
352	16	22	"Y1"	0.3
353	15	22	"Y1"	4
354	14	22	"Y1"	0.2
355	13	22	"Y1"	9
356	12	22	"Y1"	0.8
357	11	22	"Y1"	5.3
358	10	22	"Y1"	10.3
359	9	22	"Y1"	3.9
360	8	22	"Y1"	4.8
361	9	21	"Y1"	6.7
362	10	21	"Y1"	14.6
363	11	21	"Y1"	2.9
364	12	21	"Y1"	3.9
365	13	21	"Y1"	3.5
366	14	21	"Y1"	7.3
367	15	21	"Y1"	6.7
368	16	21	"Y1"	2.9
369	17	21	"Y1"	2.9
370	18	21	"Y1"	0.7
371	19	21	"Y1"	1.3
372	20	21	"Y1"	6.2
373	21	21	"Y1"	8.2
374	22	21	"Y1"	11.4
375	23	21	"Y1"	10.1
376	24	21	"Y1"	8
377	25	21	"Y1"	7.8
378	26	21	"Y1"	4
379	27	21	"Y1"	6
380	28	21	"Y1"	2.8
381	29	21	"Y1"	5.8
382	30	21	"Y1"	10.8
383	31	21	"Y1"	6.7
384	32	21	"Y1"	1.9
385	33	21	"Y1"	5
386	34	21	"Y1"	0.3
387	35	21	"Y1"	7.3
388	36	21	"Y1"	3
389	36	20	"Y1"	3.4
390	35	20	"Y1"	2.8
391	34	20	"Y1"	5.9
392	33	20	"Y1"	1.7
393	32	20	"Y1"	2.2
394	31	20	"Y1"	5.2
395	30	20	"Y1"	4
396	29	20	"Y1"	6.9
397	28	20	"Y1"	1.3
398	27	20	"Y1"	2.4
399	26	20	"Y1"	6
400	25	20	"Y1"	3.7
401	24	20	"Y1"	4.9
402	23	20	"Y1"	3.1
403	22	20	"Y1"	6
404	21	20	"Y1"	11
405	20	20	"Y1"	2.3
406	19	20	"Y1"	8.5
407	18	20	"Y1"	8.5
408	17	20	"Y1"	10.7
409	16	20	"Y1"	10.9
410	15	20	"Y1"	11.2
411	14	20	"Y1"	6.4
412	13	20	"Y1"	8.5
413	12	20	"Y1"	6.5
414	11	20	"Y1"	10.7
415	10	20	"Y1"	8.5
416	9	20	"Y1"	1.5
417	11	19	"Y1"	0.1
418	12	19	"Y1"	2.1
419	13	19	"Y1"	5.8
420	14	19	"Y1"	2.5
421	15	19	"Y1"	5.7
422	16	19	"Y1"	3
423	17	19	"Y1"	0.3
424	18	19	"Y1"	4.7
425	19	19	"Y1"	9.9
426	20	19	"Y1"	11.2
427	21	19	"Y1"	3.7
428	22	19	"Y1"	11.7
429	23	19	"Y1"	8
430	24	19	"Y1"	9.1
431	25	19	"Y1"	7.1
432	26	19	"Y1"	5.8
433	27	19	"Y1"	4.8
434	28	19	"Y1"	4.9
435	29	19	"Y1"	3.6
436	30	19	"Y1"	3
437	31	19	"Y1"	8.1
438	32	19	"Y1"	14.9
439	33	19	"Y1"	10.7
440	34	19	"Y1"	12.7
441	35	19	"Y1"	7.7
442	36	19	"Y1"	2.8
443	37	18	"Y1"	10.1
444	36	18	"Y1"	7.3
445	35	18	"Y1"	2.5
446	34	18	"Y1"	3
447	33	18	"Y1"	6.5
448	32	18	"Y1"	7.8
449	31	18	"Y1"	8.9
450	30	18	"Y1"	2.2
451	29	18	"Y1"	7.5
452	28	18	"Y1"	11.2
453	27	18	"Y1"	6.5
454	26	18	"Y1"	14.5
455	25	18	"Y1"	8.1
456	24	18	"Y1"	2.2
457	23	18	"Y1"	3
458	22	18	"Y1"	0.5
459	21	18	"Y1"	11.2
460	20	18	"Y1"	8.1
461	19	18	"Y1"	8.1
462	18	18	"Y1"	2.7
463	17	18	"Y1"	3
464	16	18	"Y1"	3.4
465	15	18	"Y1"	3.7
466	14	18	"Y1"	11.9
467	13	18	"Y1"	2.9
468	12	18	"Y1"	9.6
469	11	18	"Y1"	2.6
470	12	17	"Y1"	10.2
471	13	17	"Y1"	14.4
472	14	17	"Y1"	3.9
473	15	17	"Y1"	13.6
474	16	17	"Y1"	8.8
475	17	17	"Y1"	6
476	18	17	"Y1"	8.9
477	19	17	"Y1"	2.3
478	20	17	"Y1"	1.4
479	21	17	"Y1"	6.3
480	22	17	"Y1"	5.1
481	23	17	"Y1"	7.2
482	24	17	"Y1"	3.8
483	25	17	"Y1"	3.7
484	26	17	"Y1"	11.8
485	27	17	"Y1"	13.2
486	28	17	"Y1"	6.2
487	29	17	"Y1"	12.8
488	30	17	"Y1"	5.5
489	31	17	"Y1"	19.7
490	32	17	"Y1"	10.4
491	33	17	"Y1"	5.2
492	34	17	"Y1"	5.9
493	35	17	"Y1"	9.8
494	36	17	"Y1"	13.3
495	37	17	"Y1"	17.2
496	37	16	"Y1"	8.7
497	36	16	"Y1"	2.9
498	35	16	"Y1"	7
499	34	16	"Y1"	6.5
500	33	16	"Y1"	7.6
501	32	16	"Y1"	21.7
502	31	16	"Y1"	13.7
503	30	16	"Y1"	12.2
504	29	16	"Y1"	17.2
505	27	16	"Y1"	6.4
506	26	16	"Y1"	6.3
507	25	16	"Y1"	1.9
508	24	16	"Y1"	4.8
509	23	16	"Y1"	6.9
510	22	16	"Y1"	7.7
511	21	16	"Y1"	13.2
512	20	16	"Y1"	5.8
513	19	16	"Y1"	12.2
514	18	16	"Y1"	7.4
515	17	16	"Y1"	13.8
516	16	16	"Y1"	5.5
517	15	16	"Y1"	7.6
518	14	16	"Y1"	5.5
519	13	16	"Y1"	7.7
520	12	16	"Y1"	3.3
521	13	15	"Y1"	7.7
522	14	15	"Y1"	3.3
523	15	15	"Y1"	6
524	16	15	"Y1"	7.8
525	17	15	"Y1"	3.4
526	18	15	"Y1"	4.7
527	19	15	"Y1"	10.9
528	20	15	"Y1"	6.3
529	21	15	"Y1"	10.9
530	22	15	"Y1"	13.6
531	23	15	"Y1"	15.6
532	24	15	"Y1"	8.6
533	25	15	"Y1"	5.4
534	26	15	"Y1"	10.5
535	27	15	"Y1"	6.3
536	29	15	"Y1"	7.7
537	30	15	"Y1"	13.6
538	31	15	"Y1"	18.4
539	32	15	"Y1"	5.6
540	33	15	"Y1"	0.2
541	34	15	"Y1"	4.6
542	35	15	"Y1"	14.2
543	36	15	"Y1"	16.8
544	37	15	"Y1"	12.9
545	37	14	"Y1"	2.5
546	36	14	"Y1"	1.1
547	35	14	"Y1"	0.8
548	34	14	"Y1"	9.1
549	33	14	"Y1"	4.8
550	32	14	"Y1"	10.8
551	31	14	"Y1"	7.3
552	30	14	"Y1"	7.1
553	29	14	"Y1"	7
554	28	14	"Y1"	1.6
555	27	14	"Y1"	5.6
556	26	14	"Y1"	9.5
557	25	14	"Y1"	4.6
558	24	14	"Y1"	6.1
559	23	14	"Y1"	12.2
560	22	14	"Y1"	1.9
561	21	14	"Y1"	2.8
562	20	14	"Y1"	11.4
563	19	14	"Y1"	9.5
564	18	14	"Y1"	7.4
565	17	14	"Y1"	11.1
566	16	14	"Y1"	8.5
567	15	14	"Y1"	15.3
568	14	14	"Y1"	4.3
569	14	13	"Y1"	4.8
570	15	13	"Y1"	4.9
571	16	13	"Y1"	8
572	17	13	"Y1"	11.4
573	18	13	"Y1"	14.2
574	19	13	"Y1"	13.6
575	20	13	"Y1"	6.4
576	21	13	"Y1"	3.9
577	22	13	"Y1"	12.8
578	23	13	"Y1"	7.9
579	24	13	"Y1"	18.2
580	25	13	"Y1"	5.3
581	26	13	"Y1"	16.2
582	27	13	"Y1"	11.8
583	28	13	"Y1"	8.8
584	29	13	"Y1"	14.1
585	30	13	"Y1"	7.6
586	31	13	"Y1"	5.4
587	32	13	"Y1"	1.3
588	33	13	"Y1"	8.9
589	34	13	"Y1"	4.6
590	35	13	"Y1"	10.5
591	36	13	"Y1"	9
592	37	13	"Y1"	10.6
593	38	12	"Y1"	5
594	37	12	"Y1"	2.4
595	36	12	"Y1"	7.2
596	34	12	"Y1"	7.8
597	33	12	"Y1"	7.4
598	32	12	"Y1"	6.8
599	31	12	"Y1"	8
600	30	12	"Y1"	9.8
601	29	12	"Y1"	3.9
602	28	12	"Y1"	7
603	27	12	"Y1"	6.4
604	26	12	"Y1"	8.3
605	25	12	"Y1"	9.5
606	24	12	"Y1"	4.4
607	23	12	"Y1"	3.4
608	22	12	"Y1"	11.2
609	21	12	"Y1"	3.2
610	20	12	"Y1"	2.9
611	19	12	"Y1"	3.4
612	18	12	"Y1"	6.8
613	17	12	"Y1"	4.4
614	16	12	"Y1"	7
615	16	11	"Y1"	14.6
616	17	11	"Y1"	8
617	18	11	"Y1"	14
618	19	11	"Y1"	11.3
619	20	11	"Y1"	8.3
620	21	11	"Y1"	7.8
621	22	11	"Y1"	6.2
622	23	11	"Y1"	5.5
623	24	11	"Y1"	5.1
624	25	11	"Y1"	7.3
625	26	11	"Y1"	14.9
626	27	11	"Y1"	4.2
627	28	11	"Y1"	5.3
628	29	11	"Y1"	5.3
629	30	11	"Y1"	9.3
630	31	11	"Y1"	6.4
631	32	11	"Y1"	10.4
632	33	11	"Y1"	6.5
633	34	11	"Y1"	5.7
634	35	11	"Y1"	4.6
635	36	11	"Y1"	6.4
636	37	11	"Y1"	7.6
637	38	11	"Y1"	5.3
638	39	10	"Y1"	13
639	38	10	"Y1"	5.9
640	37	10	"Y1"	9.1
641	36	10	"Y1"	5.9
642	35	10	"Y1"	12
643	34	10	"Y1"	7.9
644	33	10	"Y1"	3.5
645	32	10	"Y1"	9
646	31	10	"Y1"	2
647	30	10	"Y1"	3.6
648	29	10	"Y1"	4.6
649	28	10	"Y1"	2.1
650	27	10	"Y1"	12.2
651	26	10	"Y1"	10.5
652	25	10	"Y1"	7
653	24	10	"Y1"	7.1
654	23	10	"Y1"	3.4
655	22	10	"Y1"	4.2
656	21	10	"Y1"	5.7
657	20	10	"Y1"	2.5
658	19	10	"Y1"	5.4
659	18	10	"Y1"	0.4
660	17	10	"Y1"	2.3
661	16	10	"Y1"	4.6
662	17	9	"Y1"	2.1
663	18	9	"Y1"	3
664	19	9	"Y1"	3
665	20	9	"Y1"	8.7
666	21	9	"Y1"	7.3
667	22	9	"Y1"	3.9
668	23	9	"Y1"	2.4
669	24	9	"Y1"	2.6
670	25	9	"Y1"	5.1
671	26	9	"Y1"	6.1
672	27	9	"Y1"	17.2
673	28	9	"Y1"	6.6
674	29	9	"Y1"	3.6
675	30	9	"Y1"	1.1
676	31	9	"Y1"	2.3
677	32	9	"Y1"	4
678	33	9	"Y1"	1.2
679	34	9	"Y1"	0.2
680	35	9	"Y1"	5.1
681	36	9	"Y1"	12.1
682	37	9	"Y1"	5.4
683	38	9	"Y1"	9.4
684	39	9	"Y1"	3.9
685	39	8	"Y1"	5.4
686	38	8	"Y1"	4.2
687	37	8	"Y1"	1.9
688	36	8	"Y1"	4.6
689	35	8	"Y1"	7.3
690	34	8	"Y1"	4.5
691	33	8	"Y1"	5
692	32	8	"Y1"	2.3
693	31	8	"Y1"	2
694	30	8	"Y1"	3.1
695	29	8	"Y1"	3.4
696	28	8	"Y1"	3.5
697	27	8	"Y1"	0.4
698	26	8	"Y1"	0.4
699	25	8	"Y1"	5.1
700	24	8	"Y1"	4.2
701	23	8	"Y1"	3.2
702	22	8	"Y1"	5.3
703	21	8	"Y1"	3.5
704	20	8	"Y1"	2.6
705	19	8	"Y1"	4.9
706	18	8	"Y1"	3.9
707	18	7	"Y1"	11.7
708	19	7	"Y1"	4.6
709	20	7	"Y1"	0.7
710	21	7	"Y1"	8.8
711	22	7	"Y1"	3.4
712	23	7	"Y1"	3.4
713	24	7	"Y1"	4
714	25	7	"Y1"	2.2
715	26	7	"Y1"	2.4
716	27	7	"Y1"	1.5
717	28	7	"Y1"	4.2
718	29	7	"Y1"	1.1
719	30	7	"Y1"	1.4
720	31	7	"Y1"	2.6
721	32	7	"Y1"	1.2
722	33	7	"Y1"	1.9
723	34	7	"Y1"	1.5
724	35	7	"Y1"	1
725	36	7	"Y1"	3.5
726	37	7	"Y1"	4.2
727	38	7	"Y1"	3
728	39	7	"Y1"	NA
729	39	6	"Y1"	3.1
730	38	6	"Y1"	NA
731	37	6	"Y1"	0.2
732	36	6	"Y1"	5.3
733	35	6	"Y1"	4.2
734	34	6	"Y1"	3.3
735	33	6	"Y1"	3.5
736	32	6	"Y1"	3.6
737	31	6	"Y1"	NA
738	30	6	"Y1"	3.7
739	29	6	"Y1"	3.6
740	28	6	"Y1"	5.8
741	27	6	"Y1"	5.1
742	26	6	"Y1"	NA
743	25	6	"Y1"	3.1
744	24	6	"Y1"	NA
745	23	6	"Y1"	2.9
746	22	6	"Y1"	2.4
747	21	6	"Y1"	3
748	20	6	"Y1"	1.9
749	19	6	"Y1"	2.4
750	20	5	"Y1"	2.6
751	21	5	"Y1"	NA
752	22	5	"Y1"	NA
753	23	5	"Y1"	NA
754	24	5	"Y1"	NA
755	25	5	"Y1"	0.2
756	26	5	"Y1"	0.2
757	27	5	"Y1"	1.4
758	28	5	"Y1"	NA
759	29	5	"Y1"	1.8
760	30	5	"Y1"	1.7
761	31	5	"Y1"	2.2
762	32	5	"Y1"	6.3
763	33	5	"Y1"	5
764	34	5	"Y1"	NA
765	35	5	"Y1"	0.7
766	36	5	"Y1"	13.7
767	37	5	"Y1"	9.3
768	38	5	"Y1"	2.2
769	39	5	"Y1"	NA
770	40	4	"Y1"	3.6
771	39	4	"Y1"	7.9
772	38	4	"Y1"	0.2
773	37	4	"Y1"	5.6
774	36	4	"Y1"	3.2
775	35	4	"Y1"	0.3
776	34	4	"Y1"	6.5
777	33	4	"Y1"	3.9
778	32	4	"Y1"	NA
779	31	4	"Y1"	6.2
780	30	4	"Y1"	9.7
781	29	4	"Y1"	NA
782	28	4	"Y1"	6.9
783	27	4	"Y1"	4.3
784	26	4	"Y1"	5.2
785	25	4	"Y1"	3.8
786	24	4	"Y1"	2.3
787	23	4	"Y1"	3.2
788	22	4	"Y1"	5.4
789	21	4	"Y1"	3.4
790	20	4	"Y1"	3.1
791	21	3	"Y1"	9.4
792	22	3	"Y1"	6.2
793	23	3	"Y1"	5
794	24	3	"Y1"	7.7
795	25	3	"Y1"	2.8
796	26	3	"Y1"	6.2
797	27	3	"Y1"	3.1
798	28	3	"Y1"	NA
799	29	3	"Y1"	1.4
800	30	3	"Y1"	10
801	31	3	"Y1"	NA
802	32	3	"Y1"	9.2
803	33	3	"Y1"	7.7
804	34	3	"Y1"	NA
805	35	3	"Y1"	NA
806	36	3	"Y1"	4.6
807	37	3	"Y1"	0.4
808	38	3	"Y1"	NA
809	39	3	"Y1"	11.2
810	40	3	"Y1"	3.6
811	41	2	"Y1"	4.1
812	40	2	"Y1"	5.1
813	39	2	"Y1"	NA
814	38	2	"Y1"	0.9
815	37	2	"Y1"	0.7
816	36	2	"Y1"	NA
817	35	2	"Y1"	5.4
818	34	2	"Y1"	1.4
819	33	2	"Y1"	2.1
820	32	2	"Y1"	2.1
821	31	2	"Y1"	1.7
822	30	2	"Y1"	NA
823	29	2	"Y1"	NA
824	28	2	"Y1"	1.5
825	27	2	"Y1"	NA
826	26	2	"Y1"	NA
827	25	2	"Y1"	0.4
828	24	2	"Y1"	3
829	23	2	"Y1"	3.1
830	22	2	"Y1"	2.8
831	35	1	"Y1"	5.1
832	36	1	"Y1"	3
833	37	1	"Y1"	6.2
834	38	1	"Y1"	2.7
835	39	1	"Y1"	2.7
836	40	1	"Y1"	4.2
837	41	1	"Y1"	3.9
838	42	1	"Y1"	3
1	3	33	"Y2"	11.6
2	4	33	"Y2"	4.1
3	5	33	"Y2"	6.3
4	6	33	"Y2"	2.8
5	7	33	"Y2"	2.3
6	8	33	"Y2"	9.8
7	9	33	"Y2"	3.3
8	10	33	"Y2"	6
9	11	33	"Y2"	3.3
10	12	33	"Y2"	3.3
11	13	33	"Y2"	10.5
12	14	33	"Y2"	17.5
3	15	33	"Y2"	8.1
15	16	33	"Y2"	6.7
15	17	33	"Y2"	12.3
16	18	33	"Y2"	9.3
17	21	33	"Y2"	10.6
18	22	33	"Y2"	6.6
19	23	33	"Y2"	9.4
20	24	33	"Y2"	17.2
21	25	33	"Y2"	14.2
22	26	33	"Y2"	16.9
25	27	33	"Y2"	13.7
25	28	33	"Y2"	5.5
25	29	33	"Y2"	8.8
26	30	33	"Y2"	11
27	31	33	"Y2"	5.2
28	31	32	"Y2"	4
29	30	32	"Y2"	5.6
30	29	32	"Y2"	10.5
31	28	32	"Y2"	6.5
32	27	32	"Y2"	8.8
33	26	32	"Y2"	3
34	25	32	"Y2"	5.9
35	24	32	"Y2"	9
36	23	32	"Y2"	3.2
37	22	32	"Y2"	4.5
38	21	32	"Y2"	0.8
39	20	32	"Y2"	3.1
40	19	32	"Y2"	2.2
41	18	32	"Y2"	5.1
42	17	32	"Y2"	3
43	16	32	"Y2"	6.9
44	15	32	"Y2"	5.1
45	14	32	"Y2"	1.3
46	13	32	"Y2"	2.3
47	12	32	"Y2"	3.5
48	11	32	"Y2"	13.3
49	10	32	"Y2"	5.9
50	9	32	"Y2"	2.2
51	8	32	"Y2"	8
52	7	32	"Y2"	1.8
53	6	32	"Y2"	1.2
54	5	32	"Y2"	1.3
55	4	32	"Y2"	4.9
56	3	32	"Y2"	3.5
57	2	32	"Y2"	6
58	1	32	"Y2"	1.8
59	2	31	"Y2"	3.1
60	3	31	"Y2"	5.9
61	4	31	"Y2"	5.8
62	5	31	"Y2"	9.8
63	6	31	"Y2"	5.4
64	7	31	"Y2"	3.3
65	8	31	"Y2"	0.6
66	9	31	"Y2"	4.9
67	10	31	"Y2"	1.7
68	11	31	"Y2"	5.8
69	12	31	"Y2"	3.1
70	13	31	"Y2"	2.7
71	14	31	"Y2"	3
72	15	31	"Y2"	1.4
73	16	31	"Y2"	5.7
74	17	31	"Y2"	1.8
75	18	31	"Y2"	7.4
76	19	31	"Y2"	4.5
77	20	31	"Y2"	4.8
78	21	31	"Y2"	4.1
79	22	31	"Y2"	5.5
80	23	31	"Y2"	11.7
81	24	31	"Y2"	4.8
82	25	31	"Y2"	4.2
83	26	31	"Y2"	1.8
84	27	31	"Y2"	4.5
85	28	31	"Y2"	1.5
86	29	31	"Y2"	5
87	30	31	"Y2"	3.9
88	31	31	"Y2"	9.2
89	32	31	"Y2"	4
90	32	30	"Y2"	8.7
91	31	30	"Y2"	7.6
92	30	30	"Y2"	0.1
93	29	30	"Y2"	9.7
94	28	30	"Y2"	1.8
95	27	30	"Y2"	4.8
96	26	30	"Y2"	10.5
97	25	30	"Y2"	2.9
98	24	30	"Y2"	1.9
99	23	30	"Y2"	1.9
100	22	30	"Y2"	0.6
101	21	30	"Y2"	2.4
102	20	30	"Y2"	3.8
103	19	30	"Y2"	3.8
104	18	30	"Y2"	7.3
105	17	30	"Y2"	2.6
106	16	30	"Y2"	2
107	15	30	"Y2"	2.9
108	14	30	"Y2"	9.2
109	13	30	"Y2"	4.1
110	12	30	"Y2"	2.5
111	11	30	"Y2"	1.5
112	10	30	"Y2"	1.9
113	9	30	"Y2"	1.6
114	8	30	"Y2"	1.4
115	7	30	"Y2"	1.2
116	6	30	"Y2"	3.1
117	5	30	"Y2"	2.1
118	4	30	"Y2"	1.7
119	3	30	"Y2"	2
120	3	29	"Y2"	4.1
121	4	29	"Y2"	1
122	5	29	"Y2"	1.8
123	6	29	"Y2"	0.7
124	7	29	"Y2"	0.7
125	8	29	"Y2"	1.1
126	9	29	"Y2"	3.5
127	10	29	"Y2"	3.8
128	11	29	"Y2"	1.1
129	12	29	"Y2"	2.9
130	13	29	"Y2"	2.1
131	14	29	"Y2"	7.6
132	15	29	"Y2"	3.7
133	16	29	"Y2"	3.9
134	17	29	"Y2"	3.4
135	18	29	"Y2"	6.2
136	19	29	"Y2"	3
137	20	29	"Y2"	2.1
138	21	29	"Y2"	1.4
139	22	29	"Y2"	0.7
140	23	29	"Y2"	10.3
141	24	29	"Y2"	3.6
142	25	29	"Y2"	1.8
143	26	29	"Y2"	4.9
144	27	29	"Y2"	4
145	28	29	"Y2"	2.7
146	29	29	"Y2"	1.8
147	30	29	"Y2"	1.6
148	31	29	"Y2"	4.8
149	32	29	"Y2"	1.3
150	33	29	"Y2"	4.8
151	34	28	"Y2"	2
152	33	28	"Y2"	2.7
153	32	28	"Y2"	2.9
154	31	28	"Y2"	4.1
155	30	28	"Y2"	2.6
156	29	28	"Y2"	5.9
157	28	28	"Y2"	1.3
158	27	28	"Y2"	2.3
159	26	28	"Y2"	3
160	25	28	"Y2"	3.1
161	24	28	"Y2"	6.1
162	23	28	"Y2"	3.3
163	22	28	"Y2"	1.6
164	21	28	"Y2"	1.7
165	20	28	"Y2"	3.2
166	19	28	"Y2"	1.4
167	18	28	"Y2"	4.2
168	17	28	"Y2"	2.1
169	16	28	"Y2"	3.8
170	15	28	"Y2"	2.9
171	14	28	"Y2"	1.1
172	13	28	"Y2"	4.8
173	12	28	"Y2"	1
174	11	28	"Y2"	1
175	10	28	"Y2"	1.7
176	9	28	"Y2"	1.3
177	8	28	"Y2"	1.6
178	7	28	"Y2"	4.2
179	6	28	"Y2"	1.4
180	5	28	"Y2"	6.1
181	4	28	"Y2"	2.3
182	5	27	"Y2"	5.7
183	6	27	"Y2"	6.7
184	7	27	"Y2"	1
185	8	27	"Y2"	3.1
186	9	27	"Y2"	2.2
187	10	27	"Y2"	0.4
188	11	27	"Y2"	1.8
189	12	27	"Y2"	3.1
190	13	27	"Y2"	0.7
191	14	27	"Y2"	2.2
192	15	27	"Y2"	1.3
193	16	27	"Y2"	2.4
194	17	27	"Y2"	2.7
195	18	27	"Y2"	3.3
196	19	27	"Y2"	4.2
197	20	27	"Y2"	4.2
198	21	27	"Y2"	1.4
199	22	27	"Y2"	4
200	23	27	"Y2"	3.2
201	24	27	"Y2"	1.8
202	25	27	"Y2"	1.1
203	26	27	"Y2"	2.6
204	27	27	"Y2"	0.5
205	28	27	"Y2"	3.4
206	29	27	"Y2"	1.8
207	30	27	"Y2"	2.8
208	31	27	"Y2"	4.2
209	32	27	"Y2"	1.5
210	33	27	"Y2"	2.3
211	34	27	"Y2"	2.3
212	35	26	"Y2"	2.1
213	34	26	"Y2"	4.2
214	33	26	"Y2"	3.9
215	32	26	"Y2"	0.4
216	31	26	"Y2"	1.5
217	30	26	"Y2"	0.5
218	29	26	"Y2"	3
219	28	26	"Y2"	0.8
220	27	26	"Y2"	2.1
221	26	26	"Y2"	1.8
222	25	26	"Y2"	5.7
223	24	26	"Y2"	1.9
224	23	26	"Y2"	2.6
225	22	26	"Y2"	3
226	21	26	"Y2"	5.3
227	20	26	"Y2"	1.5
228	19	26	"Y2"	0.2
229	18	26	"Y2"	1
230	17	26	"Y2"	2.8
231	16	26	"Y2"	0.9
232	15	26	"Y2"	3.3
233	14	26	"Y2"	3
234	13	26	"Y2"	4.2
235	12	26	"Y2"	1.9
236	11	26	"Y2"	4.5
237	10	26	"Y2"	1.5
238	9	26	"Y2"	4.3
239	8	26	"Y2"	2.8
240	7	26	"Y2"	1.1
241	6	26	"Y2"	4.7
242	5	26	"Y2"	0.9
243	6	25	"Y2"	0.6
244	7	25	"Y2"	5
245	8	25	"Y2"	1.9
246	9	25	"Y2"	2
247	10	25	"Y2"	1.8
248	11	25	"Y2"	2.5
249	12	25	"Y2"	1.8
250	13	25	"Y2"	1.8
251	14	25	"Y2"	1.3
252	15	25	"Y2"	0.1
253	16	25	"Y2"	2
254	17	25	"Y2"	1.9
255	18	25	"Y2"	2.9
256	19	25	"Y2"	2.7
257	20	25	"Y2"	1.6
258	21	25	"Y2"	3.4
259	22	25	"Y2"	3.9
260	23	25	"Y2"	0.6
261	24	25	"Y2"	4.7
262	25	25	"Y2"	2.1
263	26	25	"Y2"	2.9
264	27	25	"Y2"	2.5
265	28	25	"Y2"	4.5
266	29	25	"Y2"	1.6
267	30	25	"Y2"	4.3
268	31	25	"Y2"	15.2
269	32	25	"Y2"	5
270	33	25	"Y2"	1
271	34	25	"Y2"	0.6
272	35	25	"Y2"	5.2
273	36	24	"Y2"	9.7
274	35	24	"Y2"	6.1
275	34	24	"Y2"	1.5
276	33	24	"Y2"	1.5
277	32	24	"Y2"	2.2
278	31	24	"Y2"	2.3
279	30	24	"Y2"	1.1
280	29	24	"Y2"	2.9
281	28	24	"Y2"	1.9
282	27	24	"Y2"	2
283	26	24	"Y2"	6.3
284	25	24	"Y2"	8.6
285	24	24	"Y2"	4.7
286	23	24	"Y2"	1.6
287	22	24	"Y2"	1.4
288	21	24	"Y2"	1.4
289	20	24	"Y2"	1.8
290	19	24	"Y2"	0.9
291	18	24	"Y2"	0.9
292	17	24	"Y2"	1.4
293	16	24	"Y2"	2.7
294	15	24	"Y2"	1.6
295	14	24	"Y2"	3.5
296	13	24	"Y2"	1.3
297	12	24	"Y2"	2
298	11	24	"Y2"	1.9
299	10	24	"Y2"	1.2
300	9	24	"Y2"	3
301	8	24	"Y2"	1.8
302	7	24	"Y2"	2
303	7	23	"Y2"	0.4
304	8	23	"Y2"	2.1
305	9	23	"Y2"	1.7
306	10	23	"Y2"	3.8
307	11	23	"Y2"	3.9
308	12	23	"Y2"	2.4
309	13	23	"Y2"	1.3
310	15	23	"Y2"	2.4
311	16	23	"Y2"	3.8
312	17	23	"Y2"	3.1
313	18	23	"Y2"	1.9
314	19	23	"Y2"	2.2
315	20	23	"Y2"	2.9
316	21	23	"Y2"	2.5
317	22	23	"Y2"	2
318	23	23	"Y2"	5.4
319	24	23	"Y2"	2.2
320	25	23	"Y2"	0.4
321	26	23	"Y2"	0.9
322	27	23	"Y2"	4.2
323	28	23	"Y2"	3.7
324	29	23	"Y2"	4.7
325	30	23	"Y2"	1.5
326	31	23	"Y2"	1.6
327	32	23	"Y2"	3
328	33	23	"Y2"	2.4
329	34	23	"Y2"	1.1
330	35	23	"Y2"	1.2
331	36	23	"Y2"	2.7
332	36	22	"Y2"	5.2
333	35	22	"Y2"	1.5
334	34	22	"Y2"	1.1
335	33	22	"Y2"	2
336	32	22	"Y2"	0.4
337	31	22	"Y2"	0.6
338	30	22	"Y2"	1.3
339	29	22	"Y2"	1.1
340	28	22	"Y2"	6.4
341	27	22	"Y2"	0.5
342	26	22	"Y2"	3
343	25	22	"Y2"	2.4
344	24	22	"Y2"	5.5
345	23	22	"Y2"	4
346	22	22	"Y2"	4.2
347	21	22	"Y2"	2
348	20	22	"Y2"	1.6
349	19	22	"Y2"	2
350	18	22	"Y2"	2.3
351	17	22	"Y2"	0.6
352	16	22	"Y2"	1
353	15	22	"Y2"	2.4
354	14	22	"Y2"	1.1
355	13	22	"Y2"	2.5
356	12	22	"Y2"	0.8
357	11	22	"Y2"	2.8
358	10	22	"Y2"	1.8
359	9	22	"Y2"	4.3
360	8	22	"Y2"	5.8
361	9	21	"Y2"	3.4
362	10	21	"Y2"	4.4
363	11	21	"Y2"	2.2
364	12	21	"Y2"	0.7
365	13	21	"Y2"	1.6
366	14	21	"Y2"	3
367	15	21	"Y2"	1.3
368	16	21	"Y2"	1
369	17	21	"Y2"	3.8
370	18	21	"Y2"	0.7
371	19	21	"Y2"	0.9
372	20	21	"Y2"	8
373	21	21	"Y2"	2.3
374	22	21	"Y2"	1.4
375	23	21	"Y2"	2.3
376	24	21	"Y2"	3.2
377	25	21	"Y2"	1.9
378	26	21	"Y2"	7.2
379	27	21	"Y2"	1.2
380	28	21	"Y2"	3.1
381	29	21	"Y2"	13.4
382	30	21	"Y2"	1.8
383	31	21	"Y2"	2.7
384	32	21	"Y2"	3
385	33	21	"Y2"	2.9
386	34	21	"Y2"	1.8
387	35	21	"Y2"	3.2
388	36	21	"Y2"	1.4
389	36	20	"Y2"	1.8
390	35	20	"Y2"	2.6
391	34	20	"Y2"	1.6
392	33	20	"Y2"	2.3
393	32	20	"Y2"	3.3
394	31	20	"Y2"	4.8
395	30	20	"Y2"	5
396	29	20	"Y2"	2.1
397	28	20	"Y2"	8.3
398	27	20	"Y2"	8.9
399	26	20	"Y2"	3.9
400	25	20	"Y2"	4.3
401	24	20	"Y2"	2
402	23	20	"Y2"	3.6
403	22	20	"Y2"	1.5
404	21	20	"Y2"	2.1
405	20	20	"Y2"	2
406	19	20	"Y2"	2.5
407	18	20	"Y2"	9.3
408	17	20	"Y2"	5.6
409	16	20	"Y2"	1.6
410	15	20	"Y2"	5.5
411	14	20	"Y2"	1.9
412	13	20	"Y2"	2.7
413	12	20	"Y2"	2.5
414	11	20	"Y2"	2.7
415	10	20	"Y2"	6.2
416	9	20	"Y2"	3.1
417	11	19	"Y2"	1.5
418	12	19	"Y2"	4.4
419	13	19	"Y2"	5
420	14	19	"Y2"	2.7
421	15	19	"Y2"	0.7
422	16	19	"Y2"	7.5
423	17	19	"Y2"	3.7
424	18	19	"Y2"	3.1
425	19	19	"Y2"	0.9
426	20	19	"Y2"	3.5
427	21	19	"Y2"	5.7
428	22	19	"Y2"	1.4
429	23	19	"Y2"	2.1
430	24	19	"Y2"	2.3
431	25	19	"Y2"	2
432	26	19	"Y2"	2.8
433	27	19	"Y2"	0.2
434	28	19	"Y2"	4.7
435	29	19	"Y2"	1.3
436	30	19	"Y2"	7.2
437	31	19	"Y2"	3.4
438	32	19	"Y2"	1.9
439	33	19	"Y2"	3.5
440	34	19	"Y2"	1.2
441	35	19	"Y2"	1
442	36	19	"Y2"	3
443	37	18	"Y2"	2.7
444	36	18	"Y2"	1.4
445	35	18	"Y2"	9.8
446	34	18	"Y2"	1.4
447	33	18	"Y2"	10.2
448	32	18	"Y2"	7.2
449	31	18	"Y2"	10.6
450	30	18	"Y2"	1
451	29	18	"Y2"	12.4
452	28	18	"Y2"	5.6
453	27	18	"Y2"	2.5
454	26	18	"Y2"	0.4
455	25	18	"Y2"	1.8
456	24	18	"Y2"	1.9
457	23	18	"Y2"	8
458	22	18	"Y2"	0.4
459	21	18	"Y2"	1.2
460	20	18	"Y2"	1.5
461	19	18	"Y2"	1.3
462	18	18	"Y2"	3
463	17	18	"Y2"	2
464	16	18	"Y2"	1.3
465	15	18	"Y2"	1.3
466	14	18	"Y2"	4
467	13	18	"Y2"	8.5
468	12	18	"Y2"	5.4
469	11	18	"Y2"	3
470	12	17	"Y2"	2.2
471	13	17	"Y2"	6.1
472	14	17	"Y2"	2.7
473	15	17	"Y2"	2.2
474	16	17	"Y2"	1
475	17	17	"Y2"	1.3
476	18	17	"Y2"	2.9
477	19	17	"Y2"	1.4
478	20	17	"Y2"	2.2
479	21	17	"Y2"	1.2
480	22	17	"Y2"	6.3
481	23	17	"Y2"	5.7
482	24	17	"Y2"	3.4
483	25	17	"Y2"	0.4
484	26	17	"Y2"	5.3
485	27	17	"Y2"	3
486	28	17	"Y2"	6.3
487	29	17	"Y2"	2.4
488	30	17	"Y2"	9.5
489	31	17	"Y2"	3.5
490	32	17	"Y2"	1.4
491	33	17	"Y2"	3.3
492	34	17	"Y2"	2.5
493	35	17	"Y2"	2.8
494	36	17	"Y2"	5.8
495	37	17	"Y2"	0.6
496	37	16	"Y2"	1
497	36	16	"Y2"	3.9
498	35	16	"Y2"	9.9
499	34	16	"Y2"	0.7
500	33	16	"Y2"	3.3
501	32	16	"Y2"	1.2
502	31	16	"Y2"	1.8
503	30	16	"Y2"	1.1
504	29	16	"Y2"	1.3
505	27	16	"Y2"	10.2
506	26	16	"Y2"	3.4
507	25	16	"Y2"	4.9
508	24	16	"Y2"	5.6
509	23	16	"Y2"	1.5
510	22	16	"Y2"	2.3
511	21	16	"Y2"	3
512	20	16	"Y2"	3.2
513	19	16	"Y2"	3.6
514	18	16	"Y2"	7.8
515	17	16	"Y2"	6.6
516	16	16	"Y2"	9.6
517	15	16	"Y2"	5.1
518	14	16	"Y2"	1.4
519	13	16	"Y2"	1.5
520	12	16	"Y2"	3.6
521	13	15	"Y2"	7.6
522	14	15	"Y2"	14
523	15	15	"Y2"	3.5
524	16	15	"Y2"	14.2
525	17	15	"Y2"	10.1
526	18	15	"Y2"	7.1
527	19	15	"Y2"	1.4
528	20	15	"Y2"	2.8
529	21	15	"Y2"	4.8
530	22	15	"Y2"	2.1
531	23	15	"Y2"	5.2
532	24	15	"Y2"	16.1
533	25	15	"Y2"	9.3
534	26	15	"Y2"	3.5
535	27	15	"Y2"	2.1
536	29	15	"Y2"	2.7
537	30	15	"Y2"	2.5
538	31	15	"Y2"	1.8
539	32	15	"Y2"	10.7
540	33	15	"Y2"	0.8
541	34	15	"Y2"	11.6
542	35	15	"Y2"	12
543	36	15	"Y2"	6.2
544	37	15	"Y2"	4.2
545	37	14	"Y2"	1.4
546	36	14	"Y2"	8.5
547	35	14	"Y2"	7.2
548	34	14	"Y2"	4
549	33	14	"Y2"	2.7
550	32	14	"Y2"	1.4
551	31	14	"Y2"	0.8
552	30	14	"Y2"	15
553	29	14	"Y2"	10.5
554	28	14	"Y2"	5.5
555	27	14	"Y2"	15.1
556	26	14	"Y2"	11.3
557	25	14	"Y2"	7.9
558	24	14	"Y2"	4.3
559	23	14	"Y2"	2.9
560	22	14	"Y2"	20.6
561	21	14	"Y2"	13.9
562	20	14	"Y2"	3.7
563	19	14	"Y2"	4.1
564	18	14	"Y2"	12.2
565	17	14	"Y2"	2.8
566	16	14	"Y2"	3.1
567	15	14	"Y2"	2.1
568	14	14	"Y2"	5.8
569	14	13	"Y2"	8.2
570	15	13	"Y2"	15.8
571	16	13	"Y2"	19.2
572	17	13	"Y2"	5
573	18	13	"Y2"	5.4
574	19	13	"Y2"	6.2
575	20	13	"Y2"	3.9
576	21	13	"Y2"	3.9
577	22	13	"Y2"	1.4
578	23	13	"Y2"	0.9
579	24	13	"Y2"	1.4
580	25	13	"Y2"	4.3
581	26	13	"Y2"	2.5
582	27	13	"Y2"	0.9
583	28	13	"Y2"	2.8
584	29	13	"Y2"	3
585	30	13	"Y2"	1.5
586	31	13	"Y2"	3.1
587	32	13	"Y2"	2.8
588	33	13	"Y2"	2.5
589	34	13	"Y2"	14.6
590	35	13	"Y2"	1.6
591	36	13	"Y2"	10.7
592	37	13	"Y2"	3.5
593	38	12	"Y2"	7.8
594	37	12	"Y2"	7.2
595	36	12	"Y2"	16.6
596	34	12	"Y2"	3.5
597	33	12	"Y2"	21.3
598	32	12	"Y2"	12.4
599	31	12	"Y2"	18.4
600	30	12	"Y2"	5.1
601	29	12	"Y2"	11.7
602	28	12	"Y2"	8.3
603	27	12	"Y2"	14.7
604	26	12	"Y2"	11.9
605	25	12	"Y2"	5.6
606	24	12	"Y2"	24.1
607	23	12	"Y2"	12.3
608	22	12	"Y2"	11.3
609	21	12	"Y2"	5.2
610	20	12	"Y2"	8.7
611	19	12	"Y2"	8
612	18	12	"Y2"	15.6
613	17	12	"Y2"	11.4
614	16	12	"Y2"	10.4
615	16	11	"Y2"	2.1
616	17	11	"Y2"	5.6
617	18	11	"Y2"	2.7
618	19	11	"Y2"	4.4
619	20	11	"Y2"	2.8
620	21	11	"Y2"	5.4
621	22	11	"Y2"	1.4
622	23	11	"Y2"	7.4
623	24	11	"Y2"	8.7
624	25	11	"Y2"	12.4
625	26	11	"Y2"	3
626	27	11	"Y2"	5.6
627	28	11	"Y2"	5.8
628	29	11	"Y2"	9.6
629	30	11	"Y2"	2.8
630	31	11	"Y2"	7.8
631	32	11	"Y2"	9.9
632	33	11	"Y2"	12.7
633	34	11	"Y2"	8.5
634	35	11	"Y2"	11
635	36	11	"Y2"	13.9
636	37	11	"Y2"	1.8
637	38	11	"Y2"	8.9
638	39	10	"Y2"	11.8
639	38	10	"Y2"	3.5
640	37	10	"Y2"	10.1
641	36	10	"Y2"	11.3
642	35	10	"Y2"	3.1
643	34	10	"Y2"	14.2
644	33	10	"Y2"	3.9
645	32	10	"Y2"	1.6
646	31	10	"Y2"	17.1
647	30	10	"Y2"	11.4
648	29	10	"Y2"	3.3
649	28	10	"Y2"	12.2
650	27	10	"Y2"	6.3
651	26	10	"Y2"	4
652	25	10	"Y2"	3.1
653	24	10	"Y2"	4.5
654	23	10	"Y2"	11.3
655	22	10	"Y2"	8.8
656	21	10	"Y2"	11
657	20	10	"Y2"	1.7
658	19	10	"Y2"	3.8
659	18	10	"Y2"	4.1
660	17	10	"Y2"	9.2
661	16	10	"Y2"	5.6
662	17	9	"Y2"	6.7
663	18	9	"Y2"	6.4
664	19	9	"Y2"	7.7
665	20	9	"Y2"	4.3
666	21	9	"Y2"	6.9
667	22	9	"Y2"	9.8
668	23	9	"Y2"	10
669	24	9	"Y2"	16.3
670	25	9	"Y2"	18.6
671	26	9	"Y2"	15.9
672	27	9	"Y2"	5.9
673	28	9	"Y2"	6.7
674	29	9	"Y2"	9.1
675	30	9	"Y2"	4.5
676	31	9	"Y2"	3.7
677	32	9	"Y2"	3.2
678	33	9	"Y2"	10.5
679	34	9	"Y2"	2.7
680	35	9	"Y2"	1.1
681	36	9	"Y2"	3.8
682	37	9	"Y2"	2.2
683	38	9	"Y2"	3.8
684	39	9	"Y2"	10.2
685	39	8	"Y2"	8.6
686	38	8	"Y2"	2.8
687	37	8	"Y2"	4.1
688	36	8	"Y2"	7.1
689	35	8	"Y2"	2.4
690	34	8	"Y2"	1.8
691	33	8	"Y2"	5.2
692	32	8	"Y2"	6.8
693	31	8	"Y2"	4.3
694	30	8	"Y2"	6.8
695	29	8	"Y2"	1.7
696	28	8	"Y2"	0.2
697	27	8	"Y2"	1.6
698	26	8	"Y2"	0.9
699	25	8	"Y2"	2.7
700	24	8	"Y2"	3
701	23	8	"Y2"	6.4
702	22	8	"Y2"	8.9
703	21	8	"Y2"	0.8
704	20	8	"Y2"	7.7
705	19	8	"Y2"	8.2
706	18	8	"Y2"	8.5
707	18	7	"Y2"	4.5
708	19	7	"Y2"	9.8
709	20	7	"Y2"	1
710	21	7	"Y2"	12
711	22	7	"Y2"	15.5
712	23	7	"Y2"	14.8
713	24	7	"Y2"	15.7
714	25	7	"Y2"	1.7
715	26	7	"Y2"	11
716	27	7	"Y2"	3.6
717	28	7	"Y2"	1.8
718	29	7	"Y2"	0.9
719	30	7	"Y2"	1.6
720	31	7	"Y2"	2
721	32	7	"Y2"	1.2
722	33	7	"Y2"	3.9
723	34	7	"Y2"	2.4
724	35	7	"Y2"	1.8
725	36	7	"Y2"	5.6
726	37	7	"Y2"	5.5
727	38	7	"Y2"	7.7
728	39	7	"Y2"	NA
729	39	6	"Y2"	8.1
730	38	6	"Y2"	NA
731	37	6	"Y2"	1.7
732	36	6	"Y2"	4.7
733	35	6	"Y2"	3
734	34	6	"Y2"	5.3
735	33	6	"Y2"	3.4
736	32	6	"Y2"	9.1
737	31	6	"Y2"	NA
738	30	6	"Y2"	5.1
739	29	6	"Y2"	3.6
740	28	6	"Y2"	5
741	27	6	"Y2"	3.8
742	26	6	"Y2"	NA
743	25	6	"Y2"	8
744	24	6	"Y2"	NA
745	23	6	"Y2"	3.8
746	22	6	"Y2"	2.7
747	21	6	"Y2"	10
748	20	6	"Y2"	5.9
749	19	6	"Y2"	2.1
750	20	5	"Y2"	6.7
751	21	5	"Y2"	NA
752	22	5	"Y2"	NA
753	23	5	"Y2"	NA
754	24	5	"Y2"	NA
755	25	5	"Y2"	1.1
756	26	5	"Y2"	1.9
757	27	5	"Y2"	1.1
758	28	5	"Y2"	NA
759	29	5	"Y2"	8.8
760	30	5	"Y2"	9.9
761	31	5	"Y2"	7.3
762	32	5	"Y2"	13.8
763	33	5	"Y2"	2.5
764	34	5	"Y2"	NA
765	35	5	"Y2"	1.3
766	36	5	"Y2"	5.1
767	37	5	"Y2"	9.2
768	38	5	"Y2"	5.2
769	39	5	"Y2"	NA
770	40	4	"Y2"	12.9
771	39	4	"Y2"	11.1
772	38	4	"Y2"	1.2
773	37	4	"Y2"	11.1
774	36	4	"Y2"	5.1
775	35	4	"Y2"	0.3
776	34	4	"Y2"	3.9
777	33	4	"Y2"	5.7
778	32	4	"Y2"	NA
779	31	4	"Y2"	1.1
780	30	4	"Y2"	3.3
781	29	4	"Y2"	NA
782	28	4	"Y2"	8.2
783	27	4	"Y2"	6.1
784	26	4	"Y2"	9.1
785	25	4	"Y2"	6.3
786	24	4	"Y2"	6.5
787	23	4	"Y2"	6.6
788	22	4	"Y2"	3.8
789	21	4	"Y2"	8.3
790	20	4	"Y2"	4.4
791	21	3	"Y2"	10.5
792	22	3	"Y2"	11.4
793	23	3	"Y2"	8.9
794	24	3	"Y2"	5.3
795	25	3	"Y2"	5.3
796	26	3	"Y2"	3.4
797	27	3	"Y2"	6.8
798	28	3	"Y2"	NA
799	29	3	"Y2"	2.4
800	30	3	"Y2"	1.8
801	31	3	"Y2"	NA
802	32	3	"Y2"	3.5
803	33	3	"Y2"	1.1
804	34	3	"Y2"	NA
805	35	3	"Y2"	NA
806	36	3	"Y2"	6.4
807	37	3	"Y2"	0.4
808	38	3	"Y2"	NA
809	39	3	"Y2"	5
810	40	3	"Y2"	5.3
811	41	2	"Y2"	1.5
812	40	2	"Y2"	4.1
813	39	2	"Y2"	NA
814	38	2	"Y2"	0.5
815	37	2	"Y2"	6.7
816	36	2	"Y2"	NA
817	35	2	"Y2"	11.4
818	34	2	"Y2"	8.8
819	33	2	"Y2"	21.4
820	32	2	"Y2"	10.1
821	31	2	"Y2"	12.1
822	30	2	"Y2"	NA
823	29	2	"Y2"	NA
824	28	2	"Y2"	3.1
825	27	2	"Y2"	NA
826	26	2	"Y2"	NA
827	25	2	"Y2"	0.5
828	24	2	"Y2"	2.9
829	23	2	"Y2"	2.7
830	22	2	"Y2"	1.9
831	35	1	"Y2"	2.5
832	36	1	"Y2"	6.3
833	37	1	"Y2"	5.1
834	38	1	"Y2"	4.5
835	39	1	"Y2"	2.1
836	40	1	"Y2"	3.6
837	41	1	"Y2"	3
838	42	1	"Y2"	1.1
1	3	33	"Y3"	7.4
2	4	33	"Y3"	12.5
3	5	33	"Y3"	10.7
4	6	33	"Y3"	10.3
5	7	33	"Y3"	6.5
6	8	33	"Y3"	3.1
7	9	33	"Y3"	7.7
8	10	33	"Y3"	5.5
9	11	33	"Y3"	10.9
10	12	33	"Y3"	7.6
11	13	33	"Y3"	3.9
12	14	33	"Y3"	5.5
3	15	33	"Y3"	6.4
15	16	33	"Y3"	6.2
15	17	33	"Y3"	9
16	18	33	"Y3"	7.5
17	21	33	"Y3"	4.6
18	22	33	"Y3"	5.3
19	23	33	"Y3"	9
20	24	33	"Y3"	8.8
21	25	33	"Y3"	2.6
22	26	33	"Y3"	1.8
25	27	33	"Y3"	0.7
25	28	33	"Y3"	4.5
25	29	33	"Y3"	9.7
26	30	33	"Y3"	2.9
27	31	33	"Y3"	5.3
28	31	32	"Y3"	5.6
29	30	32	"Y3"	5.5
30	29	32	"Y3"	7.6
31	28	32	"Y3"	3.6
32	27	32	"Y3"	3.5
33	26	32	"Y3"	11.8
34	25	32	"Y3"	7.5
35	24	32	"Y3"	3.8
36	23	32	"Y3"	9.6
37	22	32	"Y3"	7
38	21	32	"Y3"	5.3
39	20	32	"Y3"	3.1
40	19	32	"Y3"	1.3
41	18	32	"Y3"	3.8
42	17	32	"Y3"	2.8
43	16	32	"Y3"	6.8
44	15	32	"Y3"	8.3
45	14	32	"Y3"	12.1
46	13	32	"Y3"	6
47	12	32	"Y3"	7.3
48	11	32	"Y3"	2.4
49	10	32	"Y3"	7.8
50	9	32	"Y3"	6.6
51	8	32	"Y3"	6.5
52	7	32	"Y3"	8.6
53	6	32	"Y3"	7.5
54	5	32	"Y3"	4
55	4	32	"Y3"	4.9
56	3	32	"Y3"	3.9
57	2	32	"Y3"	13.3
58	1	32	"Y3"	6.3
59	2	31	"Y3"	9.9
60	3	31	"Y3"	1.4
61	4	31	"Y3"	0.7
62	5	31	"Y3"	3
63	6	31	"Y3"	1.7
64	7	31	"Y3"	8.2
65	8	31	"Y3"	1.6
66	9	31	"Y3"	8.2
67	10	31	"Y3"	8.3
68	11	31	"Y3"	5.7
69	12	31	"Y3"	1.8
70	13	31	"Y3"	5
71	14	31	"Y3"	4.5
72	15	31	"Y3"	1.1
73	16	31	"Y3"	4.8
74	17	31	"Y3"	3
75	18	31	"Y3"	4.4
76	19	31	"Y3"	5.3
77	20	31	"Y3"	2.9
78	21	31	"Y3"	3.9
79	22	31	"Y3"	2.6
80	23	31	"Y3"	3
81	24	31	"Y3"	5.2
82	25	31	"Y3"	2.8
83	26	31	"Y3"	3.7
84	27	31	"Y3"	1.7
85	28	31	"Y3"	10.8
86	29	31	"Y3"	5.8
87	30	31	"Y3"	2.3
88	31	31	"Y3"	6.1
89	32	31	"Y3"	4.2
90	32	30	"Y3"	2.6
91	31	30	"Y3"	8.2
92	30	30	"Y3"	2
93	29	30	"Y3"	5
94	28	30	"Y3"	5
95	27	30	"Y3"	6.4
96	26	30	"Y3"	6.2
97	25	30	"Y3"	4.1
98	24	30	"Y3"	3.9
99	23	30	"Y3"	8.2
100	22	30	"Y3"	1.6
101	21	30	"Y3"	4.3
102	20	30	"Y3"	4.6
103	19	30	"Y3"	0.3
104	18	30	"Y3"	2.2
105	17	30	"Y3"	5.7
106	16	30	"Y3"	1.8
107	15	30	"Y3"	4.1
108	14	30	"Y3"	2.8
109	13	30	"Y3"	4
110	12	30	"Y3"	2.7
111	11	30	"Y3"	0.7
112	10	30	"Y3"	2.2
113	9	30	"Y3"	3.6
114	8	30	"Y3"	5.4
115	7	30	"Y3"	4.5
116	6	30	"Y3"	5
117	5	30	"Y3"	7.6
118	4	30	"Y3"	2.1
119	3	30	"Y3"	3
120	3	29	"Y3"	2.3
121	4	29	"Y3"	3
122	5	29	"Y3"	4.2
123	6	29	"Y3"	2.1
124	7	29	"Y3"	3.3
125	8	29	"Y3"	2.4
126	9	29	"Y3"	2
127	10	29	"Y3"	2.8
128	11	29	"Y3"	10.3
129	12	29	"Y3"	2.5
130	13	29	"Y3"	2.8
131	14	29	"Y3"	4.3
132	15	29	"Y3"	2.2
133	16	29	"Y3"	4.8
134	17	29	"Y3"	5.3
135	18	29	"Y3"	6.2
136	19	29	"Y3"	4.1
137	20	29	"Y3"	6.8
138	21	29	"Y3"	4.6
139	22	29	"Y3"	7.8
140	23	29	"Y3"	3.6
141	24	29	"Y3"	6.8
142	25	29	"Y3"	7
143	26	29	"Y3"	3.6
144	27	29	"Y3"	5.7
145	28	29	"Y3"	4
146	29	29	"Y3"	4.9
147	30	29	"Y3"	1.5
148	31	29	"Y3"	2.4
149	32	29	"Y3"	3
150	33	29	"Y3"	3.1
151	34	28	"Y3"	1.1
152	33	28	"Y3"	2.2
153	32	28	"Y3"	1.3
154	31	28	"Y3"	0.4
155	30	28	"Y3"	6.8
156	29	28	"Y3"	3.2
157	28	28	"Y3"	0.5
158	27	28	"Y3"	1.8
159	26	28	"Y3"	6
160	25	28	"Y3"	1
161	24	28	"Y3"	3.1
162	23	28	"Y3"	6.6
163	22	28	"Y3"	0.8
164	21	28	"Y3"	1.8
165	20	28	"Y3"	3.6
166	19	28	"Y3"	1.5
167	18	28	"Y3"	3.3
168	17	28	"Y3"	1
169	16	28	"Y3"	3.7
170	15	28	"Y3"	3.6
171	14	28	"Y3"	2.7
172	13	28	"Y3"	2.2
173	12	28	"Y3"	2.1
174	11	28	"Y3"	1.8
175	10	28	"Y3"	0.8
176	9	28	"Y3"	1.4
177	8	28	"Y3"	1.9
178	7	28	"Y3"	3.9
179	6	28	"Y3"	5.1
180	5	28	"Y3"	0.6
181	4	28	"Y3"	11.6
182	5	27	"Y3"	7.3
183	6	27	"Y3"	9.9
184	7	27	"Y3"	0.1
185	8	27	"Y3"	13.8
186	9	27	"Y3"	1.4
187	10	27	"Y3"	0.5
188	11	27	"Y3"	1.7
189	12	27	"Y3"	1.9
190	13	27	"Y3"	1.8
191	14	27	"Y3"	1.5
192	15	27	"Y3"	2.2
193	16	27	"Y3"	5.3
194	17	27	"Y3"	4.5
195	18	27	"Y3"	1.3
196	19	27	"Y3"	1.3
197	20	27	"Y3"	3.8
198	21	27	"Y3"	0.6
199	22	27	"Y3"	3.8
200	23	27	"Y3"	3.7
201	24	27	"Y3"	5
202	25	27	"Y3"	2.7
203	26	27	"Y3"	1.3
204	27	27	"Y3"	7
205	28	27	"Y3"	2.6
206	29	27	"Y3"	1.7
207	30	27	"Y3"	1.8
208	31	27	"Y3"	1.2
209	32	27	"Y3"	3
210	33	27	"Y3"	3.9
211	34	27	"Y3"	1.6
212	35	26	"Y3"	4.5
213	34	26	"Y3"	4.2
214	33	26	"Y3"	6.8
215	32	26	"Y3"	1.2
216	31	26	"Y3"	1.5
217	30	26	"Y3"	4.2
218	29	26	"Y3"	3.2
219	28	26	"Y3"	14.9
220	27	26	"Y3"	2
221	26	26	"Y3"	5.2
222	25	26	"Y3"	3.6
223	24	26	"Y3"	20.6
224	23	26	"Y3"	1.6
225	22	26	"Y3"	0.5
226	21	26	"Y3"	0.5
227	20	26	"Y3"	2.9
228	19	26	"Y3"	7.1
229	18	26	"Y3"	7
230	17	26	"Y3"	4.1
231	16	26	"Y3"	0.8
232	15	26	"Y3"	3.4
233	14	26	"Y3"	2.8
234	13	26	"Y3"	0.9
235	12	26	"Y3"	1.7
236	11	26	"Y3"	3.1
237	10	26	"Y3"	6.1
238	9	26	"Y3"	4.1
239	8	26	"Y3"	2.6
240	7	26	"Y3"	4.9
241	6	26	"Y3"	1.2
242	5	26	"Y3"	5
243	6	25	"Y3"	7.5
244	7	25	"Y3"	2.2
245	8	25	"Y3"	4.9
246	9	25	"Y3"	5.5
247	10	25	"Y3"	6.2
248	11	25	"Y3"	4.5
249	12	25	"Y3"	2.1
250	13	25	"Y3"	6.4
251	14	25	"Y3"	5.1
252	15	25	"Y3"	3.7
253	16	25	"Y3"	4.1
254	17	25	"Y3"	1.1
255	18	25	"Y3"	5.3
256	19	25	"Y3"	6
257	20	25	"Y3"	3.8
258	21	25	"Y3"	2.7
259	22	25	"Y3"	1
260	23	25	"Y3"	1.4
261	24	25	"Y3"	5.4
262	25	25	"Y3"	7.4
263	26	25	"Y3"	4.8
264	27	25	"Y3"	3.3
265	28	25	"Y3"	15.4
266	29	25	"Y3"	13.6
267	30	25	"Y3"	18.8
268	31	25	"Y3"	14.2
269	32	25	"Y3"	10.3
270	33	25	"Y3"	9.9
271	34	25	"Y3"	7.4
272	35	25	"Y3"	6.9
273	36	24	"Y3"	7.8
274	35	24	"Y3"	14.5
275	34	24	"Y3"	7.1
276	33	24	"Y3"	3.5
277	32	24	"Y3"	2
278	31	24	"Y3"	2
279	30	24	"Y3"	3.6
280	29	24	"Y3"	5.8
281	28	24	"Y3"	3.5
282	27	24	"Y3"	1.2
283	26	24	"Y3"	2.4
284	25	24	"Y3"	3.3
285	24	24	"Y3"	3.1
286	23	24	"Y3"	2.8
287	22	24	"Y3"	6
288	21	24	"Y3"	1.4
289	20	24	"Y3"	5.5
290	19	24	"Y3"	1.8
291	18	24	"Y3"	0.6
292	17	24	"Y3"	4.5
293	16	24	"Y3"	3.3
294	15	24	"Y3"	2.4
295	14	24	"Y3"	5.3
296	13	24	"Y3"	0.6
297	12	24	"Y3"	4.1
298	11	24	"Y3"	1.9
299	10	24	"Y3"	0.5
300	9	24	"Y3"	0.7
301	8	24	"Y3"	2.3
302	7	24	"Y3"	4.2
303	7	23	"Y3"	2.8
304	8	23	"Y3"	1.2
305	9	23	"Y3"	1
306	10	23	"Y3"	1.2
307	11	23	"Y3"	3.6
308	12	23	"Y3"	2.3
309	13	23	"Y3"	1.2
310	15	23	"Y3"	0.8
311	16	23	"Y3"	1.2
312	17	23	"Y3"	1.5
313	18	23	"Y3"	1.6
314	19	23	"Y3"	1.4
315	20	23	"Y3"	1.5
316	21	23	"Y3"	12.1
317	22	23	"Y3"	5.3
318	23	23	"Y3"	6.4
319	24	23	"Y3"	7.9
320	25	23	"Y3"	5.7
321	26	23	"Y3"	7.6
322	27	23	"Y3"	9.5
323	28	23	"Y3"	5.4
324	29	23	"Y3"	15
325	30	23	"Y3"	7.3
326	31	23	"Y3"	3.2
327	32	23	"Y3"	4.8
328	33	23	"Y3"	8.9
329	34	23	"Y3"	8.5
330	35	23	"Y3"	7.6
331	36	23	"Y3"	9.3
332	36	22	"Y3"	1.1
333	35	22	"Y3"	5.8
334	34	22	"Y3"	8.1
335	33	22	"Y3"	2.4
336	32	22	"Y3"	1.4
337	31	22	"Y3"	1.2
338	30	22	"Y3"	0.7
339	29	22	"Y3"	2
340	28	22	"Y3"	0.2
341	27	22	"Y3"	0.2
342	26	22	"Y3"	2.8
343	25	22	"Y3"	0.3
344	24	22	"Y3"	0.6
345	23	22	"Y3"	1.9
346	22	22	"Y3"	0.4
347	21	22	"Y3"	0.7
348	20	22	"Y3"	1.6
349	19	22	"Y3"	2.2
350	18	22	"Y3"	2.5
351	17	22	"Y3"	3.7
352	16	22	"Y3"	1.2
353	15	22	"Y3"	2.3
354	14	22	"Y3"	0.5
355	13	22	"Y3"	3.7
356	12	22	"Y3"	1.4
357	11	22	"Y3"	1.8
358	10	22	"Y3"	7.4
359	9	22	"Y3"	1.8
360	8	22	"Y3"	1.4
361	9	21	"Y3"	4.7
362	10	21	"Y3"	12.2
363	11	21	"Y3"	0.7
364	12	21	"Y3"	4.9
365	13	21	"Y3"	3.6
366	14	21	"Y3"	7.1
367	15	21	"Y3"	10.4
368	16	21	"Y3"	5.5
369	17	21	"Y3"	6.7
370	18	21	"Y3"	2.7
371	19	21	"Y3"	0.8
372	20	21	"Y3"	6
373	21	21	"Y3"	6.6
374	22	21	"Y3"	9.7
375	23	21	"Y3"	6.1
376	24	21	"Y3"	4.2
377	25	21	"Y3"	4.9
378	26	21	"Y3"	4.6
379	27	21	"Y3"	7.4
380	28	21	"Y3"	1.8
381	29	21	"Y3"	1.8
382	30	21	"Y3"	4.2
383	31	21	"Y3"	5.2
384	32	21	"Y3"	4.9
385	33	21	"Y3"	3.4
386	34	21	"Y3"	1
387	35	21	"Y3"	3.8
388	36	21	"Y3"	1.2
389	36	20	"Y3"	2.9
390	35	20	"Y3"	2.5
391	34	20	"Y3"	3.8
392	33	20	"Y3"	0.4
393	32	20	"Y3"	1
394	31	20	"Y3"	2.7
395	30	20	"Y3"	3.2
396	29	20	"Y3"	8.9
397	28	20	"Y3"	1.1
398	27	20	"Y3"	1.3
399	26	20	"Y3"	1.8
400	25	20	"Y3"	2.4
401	24	20	"Y3"	3.7
402	23	20	"Y3"	1.6
403	22	20	"Y3"	1.9
404	21	20	"Y3"	8.2
405	20	20	"Y3"	2.6
406	19	20	"Y3"	7.2
407	18	20	"Y3"	5.9
408	17	20	"Y3"	4.7
409	16	20	"Y3"	6.1
410	15	20	"Y3"	8.5
411	14	20	"Y3"	2.1
412	13	20	"Y3"	10.2
413	12	20	"Y3"	4.1
414	11	20	"Y3"	12.8
415	10	20	"Y3"	8.4
416	9	20	"Y3"	1.9
417	11	19	"Y3"	4.1
418	12	19	"Y3"	4
419	13	19	"Y3"	7.5
420	14	19	"Y3"	4.7
421	15	19	"Y3"	4.6
422	16	19	"Y3"	2
423	17	19	"Y3"	3.1
424	18	19	"Y3"	4
425	19	19	"Y3"	5
426	20	19	"Y3"	6.8
427	21	19	"Y3"	5.1
428	22	19	"Y3"	11.3
429	23	19	"Y3"	11.7
430	24	19	"Y3"	6.6
431	25	19	"Y3"	7.6
432	26	19	"Y3"	6.1
433	27	19	"Y3"	3.4
434	28	19	"Y3"	2.9
435	29	19	"Y3"	4.7
436	30	19	"Y3"	2
437	31	19	"Y3"	2.6
438	32	19	"Y3"	6.6
439	33	19	"Y3"	10.9
440	34	19	"Y3"	7.4
441	35	19	"Y3"	4.7
442	36	19	"Y3"	3.7
443	37	18	"Y3"	7.3
444	36	18	"Y3"	5
445	35	18	"Y3"	4.5
446	34	18	"Y3"	3
447	33	18	"Y3"	2.3
448	32	18	"Y3"	7.1
449	31	18	"Y3"	2.9
450	30	18	"Y3"	1.4
451	29	18	"Y3"	5.2
452	28	18	"Y3"	4.4
453	27	18	"Y3"	5.7
454	26	18	"Y3"	8.1
455	25	18	"Y3"	6.2
456	24	18	"Y3"	5.2
457	23	18	"Y3"	1.1
458	22	18	"Y3"	1.7
459	21	18	"Y3"	8.3
460	20	18	"Y3"	3.5
461	19	18	"Y3"	4.4
462	18	18	"Y3"	6.3
463	17	18	"Y3"	2.4
464	16	18	"Y3"	4.6
465	15	18	"Y3"	2.3
466	14	18	"Y3"	9.3
467	13	18	"Y3"	1.1
468	12	18	"Y3"	5.4
469	11	18	"Y3"	2.6
470	12	17	"Y3"	3.6
471	13	17	"Y3"	2.4
472	14	17	"Y3"	2.2
473	15	17	"Y3"	9.3
474	16	17	"Y3"	6.2
475	17	17	"Y3"	4.3
476	18	17	"Y3"	3.9
477	19	17	"Y3"	7.5
478	20	17	"Y3"	6.7
479	21	17	"Y3"	4.6
480	22	17	"Y3"	10.5
481	23	17	"Y3"	7.8
482	24	17	"Y3"	4.2
483	25	17	"Y3"	3.4
484	26	17	"Y3"	4.4
485	27	17	"Y3"	7.2
486	28	17	"Y3"	5
487	29	17	"Y3"	5.8
488	30	17	"Y3"	3.9
489	31	17	"Y3"	11.9
490	32	17	"Y3"	15.7
491	33	17	"Y3"	3.5
492	34	17	"Y3"	3.4
493	35	17	"Y3"	10.9
494	36	17	"Y3"	11.9
495	37	17	"Y3"	8.3
496	37	16	"Y3"	8.2
497	36	16	"Y3"	3.2
498	35	16	"Y3"	0.7
499	34	16	"Y3"	3.3
500	33	16	"Y3"	9.4
501	32	16	"Y3"	8.8
502	31	16	"Y3"	8.8
503	30	16	"Y3"	8.9
504	29	16	"Y3"	6.6
505	27	16	"Y3"	1.4
506	26	16	"Y3"	3.1
507	25	16	"Y3"	3.6
508	24	16	"Y3"	2.7
509	23	16	"Y3"	4.1
510	22	16	"Y3"	0
511	21	16	"Y3"	10.6
512	20	16	"Y3"	2.4
513	19	16	"Y3"	4.9
514	18	16	"Y3"	1.7
515	17	16	"Y3"	7.5
516	16	16	"Y3"	2.8
517	15	16	"Y3"	2.9
518	14	16	"Y3"	3.1
519	13	16	"Y3"	5.6
520	12	16	"Y3"	3.1
521	13	15	"Y3"	1.8
522	14	15	"Y3"	3.5
523	15	15	"Y3"	3.4
524	16	15	"Y3"	1.9
525	17	15	"Y3"	1.7
526	18	15	"Y3"	3.7
527	19	15	"Y3"	9.4
528	20	15	"Y3"	7.4
529	21	15	"Y3"	12.4
530	22	15	"Y3"	9.4
531	23	15	"Y3"	13.3
532	24	15	"Y3"	7.5
533	25	15	"Y3"	7.9
534	26	15	"Y3"	8
535	27	15	"Y3"	6
536	29	15	"Y3"	4.6
537	30	15	"Y3"	10.3
538	31	15	"Y3"	8.1
539	32	15	"Y3"	0.7
540	33	15	"Y3"	5.1
541	34	15	"Y3"	10.9
542	35	15	"Y3"	10.1
543	36	15	"Y3"	10.9
544	37	15	"Y3"	11.5
545	37	14	"Y3"	9.5
546	36	14	"Y3"	4.3
547	35	14	"Y3"	4.9
548	34	14	"Y3"	7.7
549	33	14	"Y3"	5.5
550	32	14	"Y3"	6.5
551	31	14	"Y3"	6.2
552	30	14	"Y3"	3.9
553	29	14	"Y3"	3.7
554	28	14	"Y3"	10.5
555	27	14	"Y3"	2.2
556	26	14	"Y3"	4.3
557	25	14	"Y3"	1.3
558	24	14	"Y3"	7.2
559	23	14	"Y3"	16.6
560	22	14	"Y3"	4.7
561	21	14	"Y3"	5.9
562	20	14	"Y3"	9
563	19	14	"Y3"	7.9
564	18	14	"Y3"	8.5
565	17	14	"Y3"	12.3
566	16	14	"Y3"	5.1
567	15	14	"Y3"	1.5
568	14	14	"Y3"	9.3
569	14	13	"Y3"	6.6
570	15	13	"Y3"	4.9
571	16	13	"Y3"	1.8
572	17	13	"Y3"	4.7
573	18	13	"Y3"	14.7
574	19	13	"Y3"	10.8
575	20	13	"Y3"	9.2
576	21	13	"Y3"	7
577	22	13	"Y3"	13.8
578	23	13	"Y3"	12.8
579	24	13	"Y3"	8.3
580	25	13	"Y3"	4.9
581	26	13	"Y3"	8.8
582	27	13	"Y3"	3.2
583	28	13	"Y3"	7.9
584	29	13	"Y3"	8.1
585	30	13	"Y3"	6.9
586	31	13	"Y3"	4.3
587	32	13	"Y3"	0.8
588	33	13	"Y3"	3.9
589	34	13	"Y3"	2.8
590	35	13	"Y3"	17.2
591	36	13	"Y3"	8.7
592	37	13	"Y3"	9.1
593	38	12	"Y3"	3.6
594	37	12	"Y3"	1.5
595	36	12	"Y3"	4.5
596	34	12	"Y3"	8.7
597	33	12	"Y3"	1.1
598	32	12	"Y3"	4.9
599	31	12	"Y3"	2.2
600	30	12	"Y3"	6.4
601	29	12	"Y3"	5.6
602	28	12	"Y3"	6.1
603	27	12	"Y3"	5.3
604	26	12	"Y3"	2.5
605	25	12	"Y3"	3.7
606	24	12	"Y3"	2.5
607	23	12	"Y3"	5.2
608	22	12	"Y3"	4
609	21	12	"Y3"	3.1
610	20	12	"Y3"	2.5
611	19	12	"Y3"	7.6
612	18	12	"Y3"	10.4
613	17	12	"Y3"	6.4
614	16	12	"Y3"	2.7
615	16	11	"Y3"	8.4
616	17	11	"Y3"	6.8
617	18	11	"Y3"	2.5
618	19	11	"Y3"	11.4
619	20	11	"Y3"	10.7
620	21	11	"Y3"	6.4
621	22	11	"Y3"	7.3
622	23	11	"Y3"	8.2
623	24	11	"Y3"	6.5
624	25	11	"Y3"	2.6
625	26	11	"Y3"	5.7
626	27	11	"Y3"	4.5
627	28	11	"Y3"	7.3
628	29	11	"Y3"	2.9
629	30	11	"Y3"	10.9
630	31	11	"Y3"	2.7
631	32	11	"Y3"	4.1
632	33	11	"Y3"	1.6
633	34	11	"Y3"	4.7
634	35	11	"Y3"	1.7
635	36	11	"Y3"	1.6
636	37	11	"Y3"	4.4
637	38	11	"Y3"	3.3
638	39	10	"Y3"	4.7
639	38	10	"Y3"	2.8
640	37	10	"Y3"	4.7
641	36	10	"Y3"	6.5
642	35	10	"Y3"	12
643	34	10	"Y3"	1.9
644	33	10	"Y3"	4
645	32	10	"Y3"	2.6
646	31	10	"Y3"	2.5
647	30	10	"Y3"	4
648	29	10	"Y3"	3
649	28	10	"Y3"	5.1
650	27	10	"Y3"	7.4
651	26	10	"Y3"	7.3
652	25	10	"Y3"	5.7
653	24	10	"Y3"	5.4
654	23	10	"Y3"	10.5
655	22	10	"Y3"	3
656	21	10	"Y3"	1.8
657	20	10	"Y3"	2.5
658	19	10	"Y3"	1.4
659	18	10	"Y3"	3.4
660	17	10	"Y3"	1.7
661	16	10	"Y3"	1
662	17	9	"Y3"	3.7
663	18	9	"Y3"	2.1
664	19	9	"Y3"	5.1
665	20	9	"Y3"	2.4
666	21	9	"Y3"	2.4
667	22	9	"Y3"	1.3
668	23	9	"Y3"	2.6
669	24	9	"Y3"	2.4
670	25	9	"Y3"	2
671	26	9	"Y3"	6.3
672	27	9	"Y3"	1.5
673	28	9	"Y3"	3.1
674	29	9	"Y3"	2.8
675	30	9	"Y3"	4.4
676	31	9	"Y3"	11.1
677	32	9	"Y3"	1.8
678	33	9	"Y3"	3.5
679	34	9	"Y3"	6
680	35	9	"Y3"	3.5
681	36	9	"Y3"	14.7
682	37	9	"Y3"	9.7
683	38	9	"Y3"	9.8
684	39	9	"Y3"	5.2
685	39	8	"Y3"	3.2
686	38	8	"Y3"	4.8
687	37	8	"Y3"	3.6
688	36	8	"Y3"	4
689	35	8	"Y3"	3.4
690	34	8	"Y3"	6.6
691	33	8	"Y3"	4.7
692	32	8	"Y3"	2
693	31	8	"Y3"	1.7
694	30	8	"Y3"	2.5
695	29	8	"Y3"	4
696	28	8	"Y3"	1.9
697	27	8	"Y3"	2
698	26	8	"Y3"	2.1
699	25	8	"Y3"	4.2
700	24	8	"Y3"	8.8
701	23	8	"Y3"	4.6
702	22	8	"Y3"	3.4
703	21	8	"Y3"	3.7
704	20	8	"Y3"	1.8
705	19	8	"Y3"	1.1
706	18	8	"Y3"	2.6
707	18	7	"Y3"	7.9
708	19	7	"Y3"	6.8
709	20	7	"Y3"	7.5
710	21	7	"Y3"	6.6
711	22	7	"Y3"	3.5
712	23	7	"Y3"	4.5
713	24	7	"Y3"	3.6
714	25	7	"Y3"	4.6
715	26	7	"Y3"	2.5
716	27	7	"Y3"	2.9
717	28	7	"Y3"	1.7
718	29	7	"Y3"	1.4
719	30	7	"Y3"	1
720	31	7	"Y3"	2.2
721	32	7	"Y3"	0.6
722	33	7	"Y3"	1.8
723	34	7	"Y3"	1.7
724	35	7	"Y3"	2.2
725	36	7	"Y3"	3.1
726	37	7	"Y3"	2.2
727	38	7	"Y3"	2.6
728	39	7	"Y3"	NA
729	39	6	"Y3"	5.3
730	38	6	"Y3"	NA
731	37	6	"Y3"	0.8
732	36	6	"Y3"	6.8
733	35	6	"Y3"	2.9
734	34	6	"Y3"	4.4
735	33	6	"Y3"	3.9
736	32	6	"Y3"	3.5
737	31	6	"Y3"	NA
738	30	6	"Y3"	3.6
739	29	6	"Y3"	4
740	28	6	"Y3"	3.8
741	27	6	"Y3"	4.1
742	26	6	"Y3"	NA
743	25	6	"Y3"	3.2
744	24	6	"Y3"	NA
745	23	6	"Y3"	3
746	22	6	"Y3"	0.8
747	21	6	"Y3"	3
748	20	6	"Y3"	2.3
749	19	6	"Y3"	2.8
750	20	5	"Y3"	3
751	21	5	"Y3"	NA
752	22	5	"Y3"	NA
753	23	5	"Y3"	NA
754	24	5	"Y3"	NA
755	25	5	"Y3"	1.3
756	26	5	"Y3"	1.1
757	27	5	"Y3"	1.5
758	28	5	"Y3"	NA
759	29	5	"Y3"	6.3
760	30	5	"Y3"	7
761	31	5	"Y3"	5.7
762	32	5	"Y3"	6.1
763	33	5	"Y3"	1.8
764	34	5	"Y3"	NA
765	35	5	"Y3"	0.9
766	36	5	"Y3"	5.2
767	37	5	"Y3"	9.5
768	38	5	"Y3"	4.1
769	39	5	"Y3"	NA
770	40	4	"Y3"	1.4
771	39	4	"Y3"	9.8
772	38	4	"Y3"	3.8
773	37	4	"Y3"	5.5
774	36	4	"Y3"	4.4
775	35	4	"Y3"	4
776	34	4	"Y3"	1.8
777	33	4	"Y3"	0.2
778	32	4	"Y3"	NA
779	31	4	"Y3"	2.5
780	30	4	"Y3"	5.4
781	29	4	"Y3"	NA
782	28	4	"Y3"	9.1
783	27	4	"Y3"	5.1
784	26	4	"Y3"	4.4
785	25	4	"Y3"	5.4
786	24	4	"Y3"	7.6
787	23	4	"Y3"	6.5
788	22	4	"Y3"	6.2
789	21	4	"Y3"	3.6
790	20	4	"Y3"	4.5
791	21	3	"Y3"	2.8
792	22	3	"Y3"	9.3
793	23	3	"Y3"	7.6
794	24	3	"Y3"	7.5
795	25	3	"Y3"	5.3
796	26	3	"Y3"	5.3
797	27	3	"Y3"	4.1
798	28	3	"Y3"	NA
799	29	3	"Y3"	2.7
800	30	3	"Y3"	5.6
801	31	3	"Y3"	NA
802	32	3	"Y3"	5
803	33	3	"Y3"	7.6
804	34	3	"Y3"	NA
805	35	3	"Y3"	NA
806	36	3	"Y3"	2.1
807	37	3	"Y3"	0.9
808	38	3	"Y3"	NA
809	39	3	"Y3"	0.1
810	40	3	"Y3"	7.9
811	41	2	"Y3"	5.9
812	40	2	"Y3"	2.9
813	39	2	"Y3"	NA
814	38	2	"Y3"	4.5
815	37	2	"Y3"	3.6
816	36	2	"Y3"	NA
817	35	2	"Y3"	4.4
818	34	2	"Y3"	4.7
819	33	2	"Y3"	2.7
820	32	2	"Y3"	2.4
821	31	2	"Y3"	2.8
822	30	2	"Y3"	NA
823	29	2	"Y3"	NA
824	28	2	"Y3"	1.5
825	27	2	"Y3"	NA
826	26	2	"Y3"	NA
827	25	2	"Y3"	4
828	24	2	"Y3"	0.5
829	23	2	"Y3"	1.7
830	22	2	"Y3"	1.8
831	35	1	"Y3"	2.6
832	36	1	"Y3"	1.8
833	37	1	"Y3"	4.3
834	38	1	"Y3"	2.9
835	39	1	"Y3"	3.9
836	40	1	"Y3"	1
837	41	1	"Y3"	0.9
838	42	1	"Y3"	4.6
1	3	33	"Y4"	9.2
2	4	33	"Y4"	7.8
3	5	33	"Y4"	10.1
4	6	33	"Y4"	7.7
5	7	33	"Y4"	7.5
6	8	33	"Y4"	9.3
7	9	33	"Y4"	5
8	10	33	"Y4"	8.6
9	11	33	"Y4"	5
10	12	33	"Y4"	6.8
11	13	33	"Y4"	8.3
12	14	33	"Y4"	14.9
3	15	33	"Y4"	7.7
15	16	33	"Y4"	6.6
15	17	33	"Y4"	9.9
16	18	33	"Y4"	4.4
17	21	33	"Y4"	6.5
18	22	33	"Y4"	8.9
19	23	33	"Y4"	12
20	24	33	"Y4"	9.1
21	25	33	"Y4"	7.8
22	26	33	"Y4"	2.5
25	27	33	"Y4"	8.2
25	28	33	"Y4"	7.1
25	29	33	"Y4"	9
26	30	33	"Y4"	7
27	31	33	"Y4"	4.9
28	31	32	"Y4"	5.2
29	30	32	"Y4"	7.3
30	29	32	"Y4"	6
31	28	32	"Y4"	10.8
32	27	32	"Y4"	7
33	26	32	"Y4"	3.4
34	25	32	"Y4"	6.6
35	24	32	"Y4"	9.8
36	23	32	"Y4"	9.3
37	22	32	"Y4"	5.8
38	21	32	"Y4"	3.6
39	20	32	"Y4"	4.2
40	19	32	"Y4"	4.9
41	18	32	"Y4"	8.9
42	17	32	"Y4"	0.5
43	16	32	"Y4"	10.9
44	15	32	"Y4"	9.2
45	14	32	"Y4"	2.5
46	13	32	"Y4"	6.5
47	12	32	"Y4"	8.8
48	11	32	"Y4"	1.3
49	10	32	"Y4"	6.9
50	9	32	"Y4"	5.7
51	8	32	"Y4"	9.4
52	7	32	"Y4"	5.3
53	6	32	"Y4"	3.9
54	5	32	"Y4"	2.2
55	4	32	"Y4"	6
56	3	32	"Y4"	4.6
57	2	32	"Y4"	3.9
58	1	32	"Y4"	0.8
59	2	31	"Y4"	2.1
60	3	31	"Y4"	3.8
61	4	31	"Y4"	5.3
62	5	31	"Y4"	8.2
63	6	31	"Y4"	7.5
64	7	31	"Y4"	6.7
65	8	31	"Y4"	0.3
66	9	31	"Y4"	5.5
67	10	31	"Y4"	0.5
68	11	31	"Y4"	6.9
69	12	31	"Y4"	3.4
70	13	31	"Y4"	5.3
71	14	31	"Y4"	5.2
72	15	31	"Y4"	2
73	16	31	"Y4"	3.9
74	17	31	"Y4"	0.8
75	18	31	"Y4"	5.6
76	19	31	"Y4"	5.2
77	20	31	"Y4"	3.5
78	21	31	"Y4"	4.4
79	22	31	"Y4"	1.9
80	23	31	"Y4"	7
81	24	31	"Y4"	7.1
82	25	31	"Y4"	4.9
83	26	31	"Y4"	2
84	27	31	"Y4"	7.6
85	28	31	"Y4"	1.7
86	29	31	"Y4"	6.2
87	30	31	"Y4"	3.2
88	31	31	"Y4"	10.2
89	32	31	"Y4"	5.5
90	32	30	"Y4"	10.8
91	31	30	"Y4"	7.6
92	30	30	"Y4"	3.3
93	29	30	"Y4"	13.4
94	28	30	"Y4"	6.3
95	27	30	"Y4"	9.3
96	26	30	"Y4"	1
97	25	30	"Y4"	4.5
98	24	30	"Y4"	5.2
99	23	30	"Y4"	6.4
100	22	30	"Y4"	1.1
101	21	30	"Y4"	3.6
102	20	30	"Y4"	4.1
103	19	30	"Y4"	1.9
104	18	30	"Y4"	6.8
105	17	30	"Y4"	4.4
106	16	30	"Y4"	1.6
107	15	30	"Y4"	2.5
108	14	30	"Y4"	3.2
109	13	30	"Y4"	4.9
110	12	30	"Y4"	2.4
111	11	30	"Y4"	2.9
112	10	30	"Y4"	1.2
113	9	30	"Y4"	2
114	8	30	"Y4"	6.2
115	7	30	"Y4"	5.8
116	6	30	"Y4"	4.8
117	5	30	"Y4"	4.6
118	4	30	"Y4"	6.2
119	3	30	"Y4"	4.3
120	3	29	"Y4"	1.1
121	4	29	"Y4"	3
122	5	29	"Y4"	5.1
123	6	29	"Y4"	2
124	7	29	"Y4"	3.6
125	8	29	"Y4"	1
126	9	29	"Y4"	3
127	10	29	"Y4"	6.2
128	11	29	"Y4"	3.9
129	12	29	"Y4"	2.4
130	13	29	"Y4"	1.5
131	14	29	"Y4"	4
132	15	29	"Y4"	3.6
133	16	29	"Y4"	4.8
134	17	29	"Y4"	2.7
135	18	29	"Y4"	3.2
136	19	29	"Y4"	3.1
137	20	29	"Y4"	3.3
138	21	29	"Y4"	2.5
139	22	29	"Y4"	5.8
140	23	29	"Y4"	6.9
141	24	29	"Y4"	10.4
142	25	29	"Y4"	6.9
143	26	29	"Y4"	6.7
144	27	29	"Y4"	5.1
145	28	29	"Y4"	2.6
146	29	29	"Y4"	1.3
147	30	29	"Y4"	3.6
148	31	29	"Y4"	4.4
149	32	29	"Y4"	3.8
150	33	29	"Y4"	2.5
151	34	28	"Y4"	0.1
152	33	28	"Y4"	1.2
153	32	28	"Y4"	4.3
154	31	28	"Y4"	2
155	30	28	"Y4"	3.6
156	29	28	"Y4"	8.2
157	28	28	"Y4"	0.2
158	27	28	"Y4"	6.6
159	26	28	"Y4"	5.7
160	25	28	"Y4"	0.7
161	24	28	"Y4"	12.5
162	23	28	"Y4"	8
163	22	28	"Y4"	0.4
164	21	28	"Y4"	2.2
165	20	28	"Y4"	5.4
166	19	28	"Y4"	0.3
167	18	28	"Y4"	4.9
168	17	28	"Y4"	4.3
169	16	28	"Y4"	4.8
170	15	28	"Y4"	4.1
171	14	28	"Y4"	2.3
172	13	28	"Y4"	4.2
173	12	28	"Y4"	5.8
174	11	28	"Y4"	2.3
175	10	28	"Y4"	3.3
176	9	28	"Y4"	1
177	8	28	"Y4"	1.5
178	7	28	"Y4"	5.4
179	6	28	"Y4"	0.1
180	5	28	"Y4"	5.4
181	4	28	"Y4"	2.5
182	5	27	"Y4"	7.4
183	6	27	"Y4"	11.4
184	7	27	"Y4"	1.7
185	8	27	"Y4"	2.5
186	9	27	"Y4"	4.5
187	10	27	"Y4"	0.4
188	11	27	"Y4"	0.9
189	12	27	"Y4"	3
190	13	27	"Y4"	0.8
191	14	27	"Y4"	1.1
192	15	27	"Y4"	1.2
193	16	27	"Y4"	3.9
194	17	27	"Y4"	3
195	18	27	"Y4"	1.4
196	19	27	"Y4"	4.9
197	20	27	"Y4"	3.3
198	21	27	"Y4"	1.5
199	22	27	"Y4"	1.9
200	23	27	"Y4"	1.1
201	24	27	"Y4"	4.2
202	25	27	"Y4"	0.4
203	26	27	"Y4"	2.8
204	27	27	"Y4"	5.6
205	28	27	"Y4"	0.4
206	29	27	"Y4"	2.7
207	30	27	"Y4"	1.7
208	31	27	"Y4"	1.4
209	32	27	"Y4"	4.7
210	33	27	"Y4"	5.8
211	34	27	"Y4"	5.2
212	35	26	"Y4"	2.4
213	34	26	"Y4"	4.1
214	33	26	"Y4"	4.9
215	32	26	"Y4"	1.5
216	31	26	"Y4"	4.1
217	30	26	"Y4"	1.4
218	29	26	"Y4"	6.7
219	28	26	"Y4"	7.3
220	27	26	"Y4"	7.3
221	26	26	"Y4"	2.5
222	25	26	"Y4"	7.2
223	24	26	"Y4"	3.9
224	23	26	"Y4"	2.6
225	22	26	"Y4"	7.9
226	21	26	"Y4"	7
227	20	26	"Y4"	2.8
228	19	26	"Y4"	4.4
229	18	26	"Y4"	2.5
230	17	26	"Y4"	5.8
231	16	26	"Y4"	1.4
232	15	26	"Y4"	2.6
233	14	26	"Y4"	3.9
234	13	26	"Y4"	3.4
235	12	26	"Y4"	3.8
236	11	26	"Y4"	3.5
237	10	26	"Y4"	2.3
238	9	26	"Y4"	4.6
239	8	26	"Y4"	3.3
240	7	26	"Y4"	5.2
241	6	26	"Y4"	7.8
242	5	26	"Y4"	5.3
243	6	25	"Y4"	5.5
244	7	25	"Y4"	4.8
245	8	25	"Y4"	4.7
246	9	25	"Y4"	7.7
247	10	25	"Y4"	4.2
248	11	25	"Y4"	2.4
249	12	25	"Y4"	3.8
250	13	25	"Y4"	5.6
251	14	25	"Y4"	3
252	15	25	"Y4"	0.1
253	16	25	"Y4"	2
254	17	25	"Y4"	1.8
255	18	25	"Y4"	2.9
256	19	25	"Y4"	1.5
257	20	25	"Y4"	2.3
258	21	25	"Y4"	1.1
259	22	25	"Y4"	4.6
260	23	25	"Y4"	0.6
261	24	25	"Y4"	5.8
262	25	25	"Y4"	3.7
263	26	25	"Y4"	6.7
264	27	25	"Y4"	10.6
265	28	25	"Y4"	5
266	29	25	"Y4"	2.5
267	30	25	"Y4"	5.6
268	31	25	"Y4"	20.1
269	32	25	"Y4"	4.9
270	33	25	"Y4"	3.3
271	34	25	"Y4"	2.8
272	35	25	"Y4"	4.6
273	36	24	"Y4"	7.7
274	35	24	"Y4"	5.6
275	34	24	"Y4"	0.6
276	33	24	"Y4"	2.2
277	32	24	"Y4"	4.7
278	31	24	"Y4"	2.3
279	30	24	"Y4"	3.7
280	29	24	"Y4"	3.5
281	28	24	"Y4"	3.1
282	27	24	"Y4"	0.7
283	26	24	"Y4"	6
284	25	24	"Y4"	7
285	24	24	"Y4"	5.6
286	23	24	"Y4"	2.4
287	22	24	"Y4"	4
288	21	24	"Y4"	2.2
289	20	24	"Y4"	1.5
290	19	24	"Y4"	0.7
291	18	24	"Y4"	4.2
292	17	24	"Y4"	3.2
293	16	24	"Y4"	3
294	15	24	"Y4"	3.7
295	14	24	"Y4"	4.3
296	13	24	"Y4"	2.9
297	12	24	"Y4"	1.8
298	11	24	"Y4"	1.3
299	10	24	"Y4"	1.1
300	9	24	"Y4"	1.5
301	8	24	"Y4"	4
302	7	24	"Y4"	3.4
303	7	23	"Y4"	1.1
304	8	23	"Y4"	5.8
305	9	23	"Y4"	3.3
306	10	23	"Y4"	2.5
307	11	23	"Y4"	3.9
308	12	23	"Y4"	0.5
309	13	23	"Y4"	3.1
310	15	23	"Y4"	3.8
311	16	23	"Y4"	4.1
312	17	23	"Y4"	2.4
313	18	23	"Y4"	9.9
314	19	23	"Y4"	3.3
315	20	23	"Y4"	4.3
316	21	23	"Y4"	12.8
317	22	23	"Y4"	11.6
318	23	23	"Y4"	11.1
319	24	23	"Y4"	3.5
320	25	23	"Y4"	2.7
321	26	23	"Y4"	5.6
322	27	23	"Y4"	8
323	28	23	"Y4"	3.3
324	29	23	"Y4"	6.9
325	30	23	"Y4"	2.1
326	31	23	"Y4"	2.6
327	32	23	"Y4"	3.3
328	33	23	"Y4"	8.9
329	34	23	"Y4"	2.9
330	35	23	"Y4"	3.7
331	36	23	"Y4"	2.2
332	36	22	"Y4"	6.3
333	35	22	"Y4"	5.2
334	34	22	"Y4"	4.4
335	33	22	"Y4"	3.6
336	32	22	"Y4"	0.8
337	31	22	"Y4"	1.8
338	30	22	"Y4"	3.3
339	29	22	"Y4"	1
340	28	22	"Y4"	0.2
341	27	22	"Y4"	3.2
342	26	22	"Y4"	4.1
343	25	22	"Y4"	1.7
344	24	22	"Y4"	3.6
345	23	22	"Y4"	0.9
346	22	22	"Y4"	3.3
347	21	22	"Y4"	5.6
348	20	22	"Y4"	6.2
349	19	22	"Y4"	4.6
350	18	22	"Y4"	5.9
351	17	22	"Y4"	3.5
352	16	22	"Y4"	5.7
353	15	22	"Y4"	2.7
354	14	22	"Y4"	3.2
355	13	22	"Y4"	3.3
356	12	22	"Y4"	3.1
357	11	22	"Y4"	3.8
358	10	22	"Y4"	4.1
359	9	22	"Y4"	6.8
360	8	22	"Y4"	2.7
361	9	21	"Y4"	4
362	10	21	"Y4"	2.5
363	11	21	"Y4"	4.7
364	12	21	"Y4"	1.5
365	13	21	"Y4"	3.7
366	14	21	"Y4"	2.4
367	15	21	"Y4"	5.8
368	16	21	"Y4"	3
369	17	21	"Y4"	4
370	18	21	"Y4"	2.5
371	19	21	"Y4"	4.2
372	20	21	"Y4"	5.6
373	21	21	"Y4"	0.2
374	22	21	"Y4"	5.8
375	23	21	"Y4"	4.3
376	24	21	"Y4"	8.2
377	25	21	"Y4"	9.1
378	26	21	"Y4"	10.4
379	27	21	"Y4"	4
380	28	21	"Y4"	3.2
381	29	21	"Y4"	11.3
382	30	21	"Y4"	3.2
383	31	21	"Y4"	1.8
384	32	21	"Y4"	3.3
385	33	21	"Y4"	3.3
386	34	21	"Y4"	3.3
387	35	21	"Y4"	5.8
388	36	21	"Y4"	1.2
389	36	20	"Y4"	3.6
390	35	20	"Y4"	7.1
391	34	20	"Y4"	5.2
392	33	20	"Y4"	5.6
393	32	20	"Y4"	8.1
394	31	20	"Y4"	4.8
395	30	20	"Y4"	8.5
396	29	20	"Y4"	2.9
397	28	20	"Y4"	6.4
398	27	20	"Y4"	9.4
399	26	20	"Y4"	9.9
400	25	20	"Y4"	12.8
401	24	20	"Y4"	3.5
402	23	20	"Y4"	6.7
403	22	20	"Y4"	4.4
404	21	20	"Y4"	5.6
405	20	20	"Y4"	3.9
406	19	20	"Y4"	3.5
407	18	20	"Y4"	2
408	17	20	"Y4"	4.5
409	16	20	"Y4"	3.8
410	15	20	"Y4"	4
411	14	20	"Y4"	3.7
412	13	20	"Y4"	3
413	12	20	"Y4"	5.7
414	11	20	"Y4"	3.5
415	10	20	"Y4"	7
416	9	20	"Y4"	4.7
417	11	19	"Y4"	3.2
418	12	19	"Y4"	7.7
419	13	19	"Y4"	9.7
420	14	19	"Y4"	5.7
421	15	19	"Y4"	6.9
422	16	19	"Y4"	7
423	17	19	"Y4"	10.3
424	18	19	"Y4"	4.3
425	19	19	"Y4"	4.4
426	20	19	"Y4"	7
427	21	19	"Y4"	5
428	22	19	"Y4"	4.5
429	23	19	"Y4"	7.1
430	24	19	"Y4"	7.1
431	25	19	"Y4"	6.2
432	26	19	"Y4"	4.3
433	27	19	"Y4"	1.2
434	28	19	"Y4"	3.7
435	29	19	"Y4"	8.9
436	30	19	"Y4"	10.3
437	31	19	"Y4"	6.7
438	32	19	"Y4"	11.9
439	33	19	"Y4"	2.5
440	34	19	"Y4"	4.3
441	35	19	"Y4"	6
442	36	19	"Y4"	9.3
443	37	18	"Y4"	11.3
444	36	18	"Y4"	5.2
445	35	18	"Y4"	12.1
446	34	18	"Y4"	5
447	33	18	"Y4"	9.3
448	32	18	"Y4"	12.3
449	31	18	"Y4"	6.9
450	30	18	"Y4"	2.1
451	29	18	"Y4"	6.1
452	28	18	"Y4"	11.4
453	27	18	"Y4"	4.1
454	26	18	"Y4"	4.8
455	25	18	"Y4"	2.7
456	24	18	"Y4"	1.3
457	23	18	"Y4"	6.6
458	22	18	"Y4"	2.6
459	21	18	"Y4"	1.9
460	20	18	"Y4"	3.9
461	19	18	"Y4"	1.7
462	18	18	"Y4"	3.7
463	17	18	"Y4"	3.1
464	16	18	"Y4"	1.8
465	15	18	"Y4"	1.5
466	14	18	"Y4"	2.2
467	13	18	"Y4"	5
468	12	18	"Y4"	9.8
469	11	18	"Y4"	4
470	12	17	"Y4"	6.8
471	13	17	"Y4"	2.1
472	14	17	"Y4"	1.6
473	15	17	"Y4"	1.4
474	16	17	"Y4"	2.6
475	17	17	"Y4"	4.2
476	18	17	"Y4"	8.1
477	19	17	"Y4"	2.1
478	20	17	"Y4"	3.3
479	21	17	"Y4"	4.1
480	22	17	"Y4"	8.9
481	23	17	"Y4"	6.3
482	24	17	"Y4"	3.2
483	25	17	"Y4"	1.3
484	26	17	"Y4"	4.1
485	27	17	"Y4"	5.3
486	28	17	"Y4"	6.4
487	29	17	"Y4"	4
488	30	17	"Y4"	9.2
489	31	17	"Y4"	5.1
490	32	17	"Y4"	1.1
491	33	17	"Y4"	2.8
492	34	17	"Y4"	1.7
493	35	17	"Y4"	2.6
494	36	17	"Y4"	13.1
495	37	17	"Y4"	2.6
496	37	16	"Y4"	1.5
497	36	16	"Y4"	2
498	35	16	"Y4"	7.7
499	34	16	"Y4"	1.7
500	33	16	"Y4"	2.2
501	32	16	"Y4"	4.7
502	31	16	"Y4"	3.7
503	30	16	"Y4"	2.2
504	29	16	"Y4"	5.9
505	27	16	"Y4"	10.3
506	26	16	"Y4"	4.5
507	25	16	"Y4"	4.1
508	24	16	"Y4"	5.8
509	23	16	"Y4"	1.7
510	22	16	"Y4"	0.1
511	21	16	"Y4"	2.1
512	20	16	"Y4"	2.9
513	19	16	"Y4"	2.3
514	18	16	"Y4"	6.3
515	17	16	"Y4"	3.1
516	16	16	"Y4"	7
517	15	16	"Y4"	6.5
518	14	16	"Y4"	3.3
519	13	16	"Y4"	4.1
520	12	16	"Y4"	2.9
521	13	15	"Y4"	6.5
522	14	15	"Y4"	12.5
523	15	15	"Y4"	4.5
524	16	15	"Y4"	9.4
525	17	15	"Y4"	5.6
526	18	15	"Y4"	5.2
527	19	15	"Y4"	2.8
528	20	15	"Y4"	1
529	21	15	"Y4"	7.9
530	22	15	"Y4"	3
531	23	15	"Y4"	6.2
532	24	15	"Y4"	7
533	25	15	"Y4"	11.9
534	26	15	"Y4"	2.1
535	27	15	"Y4"	4.8
536	29	15	"Y4"	6.2
537	30	15	"Y4"	3.3
538	31	15	"Y4"	4
539	32	15	"Y4"	3.4
540	33	15	"Y4"	0.6
541	34	15	"Y4"	4.5
542	35	15	"Y4"	3.2
543	36	15	"Y4"	3.2
544	37	15	"Y4"	4.6
545	37	14	"Y4"	4.6
546	36	14	"Y4"	5.5
547	35	14	"Y4"	4.3
548	34	14	"Y4"	3.2
549	33	14	"Y4"	1
550	32	14	"Y4"	4.7
551	31	14	"Y4"	5.6
552	30	14	"Y4"	15.9
553	29	14	"Y4"	9.5
554	28	14	"Y4"	4.7
555	27	14	"Y4"	15.2
556	26	14	"Y4"	3.7
557	25	14	"Y4"	8.2
558	24	14	"Y4"	1.7
559	23	14	"Y4"	5.1
560	22	14	"Y4"	12.7
561	21	14	"Y4"	15
562	20	14	"Y4"	3.1
563	19	14	"Y4"	4.9
564	18	14	"Y4"	7.8
565	17	14	"Y4"	5.9
566	16	14	"Y4"	4.3
567	15	14	"Y4"	0
568	14	14	"Y4"	4.9
569	14	13	"Y4"	7.6
570	15	13	"Y4"	7.6
571	16	13	"Y4"	7.4
572	17	13	"Y4"	7.4
573	18	13	"Y4"	2.9
574	19	13	"Y4"	5
575	20	13	"Y4"	3.7
576	21	13	"Y4"	12.4
577	22	13	"Y4"	5
578	23	13	"Y4"	1.2
579	24	13	"Y4"	1.3
580	25	13	"Y4"	2.8
581	26	13	"Y4"	2.1
582	27	13	"Y4"	0.1
583	28	13	"Y4"	2.2
584	29	13	"Y4"	4.3
585	30	13	"Y4"	5
586	31	13	"Y4"	7.7
587	32	13	"Y4"	6.1
588	33	13	"Y4"	7.7
589	34	13	"Y4"	12.6
590	35	13	"Y4"	1.3
591	36	13	"Y4"	6.2
592	37	13	"Y4"	1.7
593	38	12	"Y4"	8.7
594	37	12	"Y4"	6.3
595	36	12	"Y4"	4.6
596	34	12	"Y4"	4.7
597	33	12	"Y4"	8.4
598	32	12	"Y4"	6.8
599	31	12	"Y4"	2
600	30	12	"Y4"	2.6
601	29	12	"Y4"	9
602	28	12	"Y4"	0.4
603	27	12	"Y4"	7.9
604	26	12	"Y4"	5.2
605	25	12	"Y4"	1.8
606	24	12	"Y4"	2.9
607	23	12	"Y4"	6.3
608	22	12	"Y4"	7.9
609	21	12	"Y4"	5
610	20	12	"Y4"	9.7
611	19	12	"Y4"	4.7
612	18	12	"Y4"	7.2
613	17	12	"Y4"	9
614	16	12	"Y4"	4.1
615	16	11	"Y4"	7.6
616	17	11	"Y4"	2.6
617	18	11	"Y4"	6.4
618	19	11	"Y4"	3.5
619	20	11	"Y4"	4.4
620	21	11	"Y4"	6.1
621	22	11	"Y4"	2.5
622	23	11	"Y4"	8.6
623	24	11	"Y4"	13.2
624	25	11	"Y4"	13.6
625	26	11	"Y4"	6.6
626	27	11	"Y4"	9.7
627	28	11	"Y4"	12.3
628	29	11	"Y4"	8.6
629	30	11	"Y4"	7.9
630	31	11	"Y4"	11.4
631	32	11	"Y4"	6
632	33	11	"Y4"	5.8
633	34	11	"Y4"	6.4
634	35	11	"Y4"	7.3
635	36	11	"Y4"	5.7
636	37	11	"Y4"	4.3
637	38	11	"Y4"	5.3
638	39	10	"Y4"	7.3
639	38	10	"Y4"	1.1
640	37	10	"Y4"	7.7
641	36	10	"Y4"	10.4
642	35	10	"Y4"	3.1
643	34	10	"Y4"	7.1
644	33	10	"Y4"	2.9
645	32	10	"Y4"	4.6
646	31	10	"Y4"	11.4
647	30	10	"Y4"	4.6
648	29	10	"Y4"	7.2
649	28	10	"Y4"	17.6
650	27	10	"Y4"	13.7
651	26	10	"Y4"	6.2
652	25	10	"Y4"	8.2
653	24	10	"Y4"	12.5
654	23	10	"Y4"	7.7
655	22	10	"Y4"	10.3
656	21	10	"Y4"	11.1
657	20	10	"Y4"	3.3
658	19	10	"Y4"	2.2
659	18	10	"Y4"	4.6
660	17	10	"Y4"	4.6
661	16	10	"Y4"	4.4
662	17	9	"Y4"	9.8
663	18	9	"Y4"	13.5
664	19	9	"Y4"	2
665	20	9	"Y4"	9.3
666	21	9	"Y4"	10.6
667	22	9	"Y4"	9
668	23	9	"Y4"	11.8
669	24	9	"Y4"	14.1
670	25	9	"Y4"	16.8
671	26	9	"Y4"	23.2
672	27	9	"Y4"	10.8
673	28	9	"Y4"	10.9
674	29	9	"Y4"	6.4
675	30	9	"Y4"	1.5
676	31	9	"Y4"	2.5
677	32	9	"Y4"	12.4
678	33	9	"Y4"	7.2
679	34	9	"Y4"	6.5
680	35	9	"Y4"	5.8
681	36	9	"Y4"	16.5
682	37	9	"Y4"	1
683	38	9	"Y4"	14
684	39	9	"Y4"	9.2
685	39	8	"Y4"	10.4
686	38	8	"Y4"	7.5
687	37	8	"Y4"	5.6
688	36	8	"Y4"	12.4
689	35	8	"Y4"	9
690	34	8	"Y4"	7.3
691	33	8	"Y4"	13.3
692	32	8	"Y4"	10
693	31	8	"Y4"	7.3
694	30	8	"Y4"	11.9
695	29	8	"Y4"	4.6
696	28	8	"Y4"	1.8
697	27	8	"Y4"	1.7
698	26	8	"Y4"	4.2
699	25	8	"Y4"	6.6
700	24	8	"Y4"	8.3
701	23	8	"Y4"	9.5
702	22	8	"Y4"	7.5
703	21	8	"Y4"	1.2
704	20	8	"Y4"	5.8
705	19	8	"Y4"	7.6
706	18	8	"Y4"	9.3
707	18	7	"Y4"	2.6
708	19	7	"Y4"	4.6
709	20	7	"Y4"	3.1
710	21	7	"Y4"	9.9
711	22	7	"Y4"	1.2
712	23	7	"Y4"	6.9
713	24	7	"Y4"	11.9
714	25	7	"Y4"	1.1
715	26	7	"Y4"	7
716	27	7	"Y4"	1.8
717	28	7	"Y4"	1
718	29	7	"Y4"	1
719	30	7	"Y4"	1.2
720	31	7	"Y4"	2
721	32	7	"Y4"	2
722	33	7	"Y4"	2.5
723	34	7	"Y4"	2.3
724	35	7	"Y4"	2.3
725	36	7	"Y4"	3.1
726	37	7	"Y4"	3.2
727	38	7	"Y4"	3.9
728	39	7	"Y4"	NA
729	39	6	"Y4"	3.2
730	38	6	"Y4"	NA
731	37	6	"Y4"	1.2
732	36	6	"Y4"	6.1
733	35	6	"Y4"	4.2
734	34	6	"Y4"	7
735	33	6	"Y4"	2.1
736	32	6	"Y4"	7.5
737	31	6	"Y4"	NA
738	30	6	"Y4"	5.5
739	29	6	"Y4"	4.3
740	28	6	"Y4"	7.6
741	27	6	"Y4"	6.4
742	26	6	"Y4"	NA
743	25	6	"Y4"	4
744	24	6	"Y4"	NA
745	23	6	"Y4"	3.7
746	22	6	"Y4"	5
747	21	6	"Y4"	6.8
748	20	6	"Y4"	5
749	19	6	"Y4"	1.1
750	20	5	"Y4"	2.3
751	21	5	"Y4"	NA
752	22	5	"Y4"	NA
753	23	5	"Y4"	NA
754	24	5	"Y4"	NA
755	25	5	"Y4"	0.4
756	26	5	"Y4"	0.6
757	27	5	"Y4"	1.8
758	28	5	"Y4"	NA
759	29	5	"Y4"	6.4
760	30	5	"Y4"	10.1
761	31	5	"Y4"	5.8
762	32	5	"Y4"	12.7
763	33	5	"Y4"	2.6
764	34	5	"Y4"	NA
765	35	5	"Y4"	1.3
766	36	5	"Y4"	14
767	37	5	"Y4"	16.5
768	38	5	"Y4"	9.5
769	39	5	"Y4"	NA
770	40	4	"Y4"	5.8
771	39	4	"Y4"	4.5
772	38	4	"Y4"	10.6
773	37	4	"Y4"	13.3
774	36	4	"Y4"	9.9
775	35	4	"Y4"	3.7
776	34	4	"Y4"	1.2
777	33	4	"Y4"	2.8
778	32	4	"Y4"	NA
779	31	4	"Y4"	7.2
780	30	4	"Y4"	4.5
781	29	4	"Y4"	NA
782	28	4	"Y4"	8.1
783	27	4	"Y4"	9.8
784	26	4	"Y4"	15.5
785	25	4	"Y4"	10.2
786	24	4	"Y4"	15
787	23	4	"Y4"	9.7
788	22	4	"Y4"	11.8
789	21	4	"Y4"	8.8
790	20	4	"Y4"	5.7
791	21	3	"Y4"	11.9
792	22	3	"Y4"	17.4
793	23	3	"Y4"	10.6
794	24	3	"Y4"	11.7
795	25	3	"Y4"	6.9
796	26	3	"Y4"	9
797	27	3	"Y4"	5.2
798	28	3	"Y4"	NA
799	29	3	"Y4"	7.7
800	30	3	"Y4"	7.1
801	31	3	"Y4"	NA
802	32	3	"Y4"	4.7
803	33	3	"Y4"	6.4
804	34	3	"Y4"	NA
805	35	3	"Y4"	NA
806	36	3	"Y4"	8.6
807	37	3	"Y4"	1.5
808	38	3	"Y4"	NA
809	39	3	"Y4"	2
810	40	3	"Y4"	6.2
811	41	2	"Y4"	12.2
812	40	2	"Y4"	3.4
813	39	2	"Y4"	NA
814	38	2	"Y4"	10.2
815	37	2	"Y4"	2.9
816	36	2	"Y4"	NA
817	35	2	"Y4"	7
818	34	2	"Y4"	11.3
819	33	2	"Y4"	9.2
820	32	2	"Y4"	6.5
821	31	2	"Y4"	11.1
822	30	2	"Y4"	NA
823	29	2	"Y4"	NA
824	28	2	"Y4"	3.7
825	27	2	"Y4"	NA
826	26	2	"Y4"	NA
827	25	2	"Y4"	1.9
828	24	2	"Y4"	0.3
829	23	2	"Y4"	2.6
830	22	2	"Y4"	2.7
831	35	1	"Y4"	2.5
832	36	1	"Y4"	0.6
833	37	1	"Y4"	1.3
834	38	1	"Y4"	4.4
835	39	1	"Y4"	3.9
836	40	1	"Y4"	0.7
837	41	1	"Y4"	1
838	42	1	"Y4"	5.4
1	3	33	"Y5"	11.4
2	4	33	"Y5"	11.7
3	5	33	"Y5"	13.8
4	6	33	"Y5"	9.7
5	7	33	"Y5"	1.7
6	8	33	"Y5"	6.8
7	9	33	"Y5"	3.7
8	10	33	"Y5"	5.2
9	11	33	"Y5"	5.6
10	12	33	"Y5"	4.3
11	13	33	"Y5"	0.8
12	14	33	"Y5"	6.1
3	15	33	"Y5"	4
15	16	33	"Y5"	8.4
15	17	33	"Y5"	6.9
16	18	33	"Y5"	8.6
17	21	33	"Y5"	3.9
18	22	33	"Y5"	7.7
19	23	33	"Y5"	10.4
20	24	33	"Y5"	4.8
21	25	33	"Y5"	4
22	26	33	"Y5"	4.1
25	27	33	"Y5"	1.5
25	28	33	"Y5"	4.2
25	29	33	"Y5"	8.1
26	30	33	"Y5"	3.1
27	31	33	"Y5"	1.3
28	31	32	"Y5"	3.2
29	30	32	"Y5"	7.9
30	29	32	"Y5"	10.5
31	28	32	"Y5"	5.9
32	27	32	"Y5"	2.4
33	26	32	"Y5"	10.4
34	25	32	"Y5"	5.7
35	24	32	"Y5"	6.8
36	23	32	"Y5"	5.5
37	22	32	"Y5"	2.3
38	21	32	"Y5"	2.5
39	20	32	"Y5"	0.8
40	19	32	"Y5"	6.2
41	18	32	"Y5"	5.2
42	17	32	"Y5"	1.6
43	16	32	"Y5"	8.1
44	15	32	"Y5"	12.4
45	14	32	"Y5"	2.4
46	13	32	"Y5"	5.1
47	12	32	"Y5"	8
48	11	32	"Y5"	2.4
49	10	32	"Y5"	11.6
50	9	32	"Y5"	3.7
51	8	32	"Y5"	7.9
52	7	32	"Y5"	4.7
53	6	32	"Y5"	8.2
54	5	32	"Y5"	3.3
55	4	32	"Y5"	4.8
56	3	32	"Y5"	6.2
57	2	32	"Y5"	5.8
58	1	32	"Y5"	6.4
59	2	31	"Y5"	10.4
60	3	31	"Y5"	7.2
61	4	31	"Y5"	2.9
62	5	31	"Y5"	4.1
63	6	31	"Y5"	6.4
64	7	31	"Y5"	6.1
65	8	31	"Y5"	0.8
66	9	31	"Y5"	4.4
67	10	31	"Y5"	5
68	11	31	"Y5"	1.9
69	12	31	"Y5"	0.1
70	13	31	"Y5"	1.9
71	14	31	"Y5"	2.4
72	15	31	"Y5"	2.8
73	16	31	"Y5"	3
74	17	31	"Y5"	0.8
75	18	31	"Y5"	5
76	19	31	"Y5"	2.4
77	20	31	"Y5"	2.2
78	21	31	"Y5"	3.4
79	22	31	"Y5"	1.4
80	23	31	"Y5"	5.4
81	24	31	"Y5"	4.9
82	25	31	"Y5"	6.4
83	26	31	"Y5"	4.5
84	27	31	"Y5"	1.7
85	28	31	"Y5"	6.3
86	29	31	"Y5"	2.7
87	30	31	"Y5"	3.1
88	31	31	"Y5"	3.6
89	32	31	"Y5"	5.7
90	32	30	"Y5"	5.8
91	31	30	"Y5"	5.3
92	30	30	"Y5"	3.7
93	29	30	"Y5"	6.8
94	28	30	"Y5"	4.6
95	27	30	"Y5"	3.1
96	26	30	"Y5"	3.9
97	25	30	"Y5"	3.4
98	24	30	"Y5"	1.6
99	23	30	"Y5"	3.5
100	22	30	"Y5"	3.7
101	21	30	"Y5"	4.4
102	20	30	"Y5"	5.3
103	19	30	"Y5"	1.5
104	18	30	"Y5"	1.7
105	17	30	"Y5"	5.4
106	16	30	"Y5"	3
107	15	30	"Y5"	1.3
108	14	30	"Y5"	1
109	13	30	"Y5"	2
110	12	30	"Y5"	0.6
111	11	30	"Y5"	0.7
112	10	30	"Y5"	0.6
113	9	30	"Y5"	0.3
114	8	30	"Y5"	1.3
115	7	30	"Y5"	1.8
116	6	30	"Y5"	1.3
117	5	30	"Y5"	5.3
118	4	30	"Y5"	0.2
119	3	30	"Y5"	2.8
120	3	29	"Y5"	0.4
121	4	29	"Y5"	0.9
122	5	29	"Y5"	0.9
123	6	29	"Y5"	2.3
124	7	29	"Y5"	2.5
125	8	29	"Y5"	0.9
126	9	29	"Y5"	3.5
127	10	29	"Y5"	1.7
128	11	29	"Y5"	8.7
129	12	29	"Y5"	4.8
130	13	29	"Y5"	0.4
131	14	29	"Y5"	5.3
132	15	29	"Y5"	4.1
133	16	29	"Y5"	3.2
134	17	29	"Y5"	3.1
135	18	29	"Y5"	2.3
136	19	29	"Y5"	3.6
137	20	29	"Y5"	2.1
138	21	29	"Y5"	0.5
139	22	29	"Y5"	9.6
140	23	29	"Y5"	4
141	24	29	"Y5"	3.1
142	25	29	"Y5"	14
143	26	29	"Y5"	2.2
144	27	29	"Y5"	5.9
145	28	29	"Y5"	4.4
146	29	29	"Y5"	3
147	30	29	"Y5"	2.1
148	31	29	"Y5"	1.1
149	32	29	"Y5"	1.1
150	33	29	"Y5"	0.7
151	34	28	"Y5"	1.9
152	33	28	"Y5"	5
153	32	28	"Y5"	1.6
154	31	28	"Y5"	0.1
155	30	28	"Y5"	5.5
156	29	28	"Y5"	4.2
157	28	28	"Y5"	0.2
158	27	28	"Y5"	3.7
159	26	28	"Y5"	3
160	25	28	"Y5"	1.6
161	24	28	"Y5"	2.6
162	23	28	"Y5"	2
163	22	28	"Y5"	0.2
164	21	28	"Y5"	0.7
165	20	28	"Y5"	0.9
166	19	28	"Y5"	0.1
167	18	28	"Y5"	0.9
168	17	28	"Y5"	1.5
169	16	28	"Y5"	5.5
170	15	28	"Y5"	4.3
171	14	28	"Y5"	0.9
172	13	28	"Y5"	1.6
173	12	28	"Y5"	0.5
174	11	28	"Y5"	0.3
175	10	28	"Y5"	0.2
176	9	28	"Y5"	0.4
177	8	28	"Y5"	1.3
178	7	28	"Y5"	0.7
179	6	28	"Y5"	3.8
180	5	28	"Y5"	4
181	4	28	"Y5"	8.7
182	5	27	"Y5"	4.1
183	6	27	"Y5"	1.2
184	7	27	"Y5"	2.4
185	8	27	"Y5"	13.1
186	9	27	"Y5"	0.1
187	10	27	"Y5"	0.1
188	11	27	"Y5"	0.5
189	12	27	"Y5"	0.4
190	13	27	"Y5"	0.7
191	14	27	"Y5"	0.6
192	15	27	"Y5"	0.5
193	16	27	"Y5"	1.3
194	17	27	"Y5"	0.5
195	18	27	"Y5"	1.7
196	19	27	"Y5"	0
197	20	27	"Y5"	2.2
198	21	27	"Y5"	11
199	22	27	"Y5"	0.1
200	23	27	"Y5"	0.6
201	24	27	"Y5"	5.6
202	25	27	"Y5"	1.5
203	26	27	"Y5"	0.3
204	27	27	"Y5"	3.9
205	28	27	"Y5"	0.2
206	29	27	"Y5"	0.5
207	30	27	"Y5"	2.8
208	31	27	"Y5"	3.8
209	32	27	"Y5"	1.2
210	33	27	"Y5"	0.6
211	34	27	"Y5"	0.5
212	35	26	"Y5"	3.1
213	34	26	"Y5"	4.2
214	33	26	"Y5"	7.5
215	32	26	"Y5"	0.4
216	31	26	"Y5"	4.6
217	30	26	"Y5"	0.3
218	29	26	"Y5"	5.6
219	28	26	"Y5"	10.1
220	27	26	"Y5"	7.6
221	26	26	"Y5"	2.5
222	25	26	"Y5"	1.9
223	24	26	"Y5"	4.5
224	23	26	"Y5"	1.1
225	22	26	"Y5"	2
226	21	26	"Y5"	1.2
227	20	26	"Y5"	4.5
228	19	26	"Y5"	7.4
229	18	26	"Y5"	6.1
230	17	26	"Y5"	6.1
231	16	26	"Y5"	0.8
232	15	26	"Y5"	3.6
233	14	26	"Y5"	1.5
234	13	26	"Y5"	6.8
235	12	26	"Y5"	0.9
236	11	26	"Y5"	0.5
237	10	26	"Y5"	3.1
238	9	26	"Y5"	1.3
239	8	26	"Y5"	1.3
240	7	26	"Y5"	1.8
241	6	26	"Y5"	1.8
242	5	26	"Y5"	0.5
243	6	25	"Y5"	2.9
244	7	25	"Y5"	2.7
245	8	25	"Y5"	0.8
246	9	25	"Y5"	2.5
247	10	25	"Y5"	3.6
248	11	25	"Y5"	0.8
249	12	25	"Y5"	1.7
250	13	25	"Y5"	8.4
251	14	25	"Y5"	6.3
252	15	25	"Y5"	0.7
253	16	25	"Y5"	1.2
254	17	25	"Y5"	7.6
255	18	25	"Y5"	3.8
256	19	25	"Y5"	5.6
257	20	25	"Y5"	0.9
258	21	25	"Y5"	1.2
259	22	25	"Y5"	0.9
260	23	25	"Y5"	28.4
261	24	25	"Y5"	3.9
262	25	25	"Y5"	3.2
263	26	25	"Y5"	0.8
264	27	25	"Y5"	11.9
265	28	25	"Y5"	10.5
266	29	25	"Y5"	8.5
267	30	25	"Y5"	10.1
268	31	25	"Y5"	11.7
269	32	25	"Y5"	5.9
270	33	25	"Y5"	12
271	34	25	"Y5"	23.4
272	35	25	"Y5"	7.6
273	36	24	"Y5"	7.6
274	35	24	"Y5"	14.1
275	34	24	"Y5"	6.9
276	33	24	"Y5"	1.3
277	32	24	"Y5"	0.8
278	31	24	"Y5"	0.5
279	30	24	"Y5"	1.1
280	29	24	"Y5"	2
281	28	24	"Y5"	3.2
282	27	24	"Y5"	1.6
283	26	24	"Y5"	1.8
284	25	24	"Y5"	4.4
285	24	24	"Y5"	0.7
286	23	24	"Y5"	0.9
287	22	24	"Y5"	6
288	21	24	"Y5"	0.9
289	20	24	"Y5"	6.5
290	19	24	"Y5"	0.4
291	18	24	"Y5"	1.5
292	17	24	"Y5"	3.1
293	16	24	"Y5"	1.7
294	15	24	"Y5"	1.5
295	14	24	"Y5"	4.6
296	13	24	"Y5"	1.1
297	12	24	"Y5"	2.1
298	11	24	"Y5"	0.1
299	10	24	"Y5"	0.1
300	9	24	"Y5"	1.2
301	8	24	"Y5"	0.7
302	7	24	"Y5"	1.4
303	7	23	"Y5"	0.4
304	8	23	"Y5"	0.7
305	9	23	"Y5"	0.5
306	10	23	"Y5"	1.4
307	11	23	"Y5"	3.8
308	12	23	"Y5"	0.4
309	13	23	"Y5"	0.8
310	15	23	"Y5"	1.1
311	16	23	"Y5"	2.7
312	17	23	"Y5"	0.2
313	18	23	"Y5"	0.8
314	19	23	"Y5"	0.1
315	20	23	"Y5"	1.7
316	21	23	"Y5"	6
317	22	23	"Y5"	5.6
318	23	23	"Y5"	7.9
319	24	23	"Y5"	7.2
320	25	23	"Y5"	11.9
321	26	23	"Y5"	12.1
322	27	23	"Y5"	13.2
323	28	23	"Y5"	7.6
324	29	23	"Y5"	16.3
325	30	23	"Y5"	7.2
326	31	23	"Y5"	0.1
327	32	23	"Y5"	0.3
328	33	23	"Y5"	4.9
329	34	23	"Y5"	0.3
330	35	23	"Y5"	1.2
331	36	23	"Y5"	6.9
332	36	22	"Y5"	1
333	35	22	"Y5"	5.2
334	34	22	"Y5"	5.5
335	33	22	"Y5"	1
336	32	22	"Y5"	0.6
337	31	22	"Y5"	0.7
338	30	22	"Y5"	0.1
339	29	22	"Y5"	0.1
340	28	22	"Y5"	1.5
341	27	22	"Y5"	0.5
342	26	22	"Y5"	2.4
343	25	22	"Y5"	1.5
344	24	22	"Y5"	1.9
345	23	22	"Y5"	0.1
346	22	22	"Y5"	2.5
347	21	22	"Y5"	0.6
348	20	22	"Y5"	0.3
349	19	22	"Y5"	0
350	18	22	"Y5"	1
351	17	22	"Y5"	0.6
352	16	22	"Y5"	0.8
353	15	22	"Y5"	0.5
354	14	22	"Y5"	0.4
355	13	22	"Y5"	3
356	12	22	"Y5"	0.6
357	11	22	"Y5"	2.7
358	10	22	"Y5"	1.8
359	9	22	"Y5"	0.9
360	8	22	"Y5"	0.5
361	9	21	"Y5"	NA
362	10	21	"Y5"	4.5
363	11	21	"Y5"	0.4
364	12	21	"Y5"	0.3
365	13	21	"Y5"	1.5
366	14	21	"Y5"	11.2
367	15	21	"Y5"	10.7
368	16	21	"Y5"	9.7
369	17	21	"Y5"	8.9
370	18	21	"Y5"	6.4
371	19	21	"Y5"	5.5
372	20	21	"Y5"	5.8
373	21	21	"Y5"	12.5
374	22	21	"Y5"	4.9
375	23	21	"Y5"	3.8
376	24	21	"Y5"	3.1
377	25	21	"Y5"	1.2
378	26	21	"Y5"	2.2
379	27	21	"Y5"	4.8
380	28	21	"Y5"	1.7
381	29	21	"Y5"	2.6
382	30	21	"Y5"	3
383	31	21	"Y5"	1.8
384	32	21	"Y5"	2.3
385	33	21	"Y5"	1.5
386	34	21	"Y5"	0.4
387	35	21	"Y5"	7.1
388	36	21	"Y5"	3.2
389	36	20	"Y5"	0.7
390	35	20	"Y5"	0.4
391	34	20	"Y5"	1.3
392	33	20	"Y5"	0.8
393	32	20	"Y5"	0.1
394	31	20	"Y5"	3.7
395	30	20	"Y5"	0.1
396	29	20	"Y5"	4.8
397	28	20	"Y5"	3.2
398	27	20	"Y5"	1.1
399	26	20	"Y5"	2.2
400	25	20	"Y5"	0.7
401	24	20	"Y5"	1.4
402	23	20	"Y5"	0.9
403	22	20	"Y5"	0.2
404	21	20	"Y5"	0.1
405	20	20	"Y5"	0.3
406	19	20	"Y5"	0.4
407	18	20	"Y5"	3.6
408	17	20	"Y5"	5.1
409	16	20	"Y5"	6.9
410	15	20	"Y5"	14.4
411	14	20	"Y5"	1.4
412	13	20	"Y5"	7.9
413	12	20	"Y5"	3.2
414	11	20	"Y5"	13.7
415	10	20	"Y5"	12.2
416	9	20	"Y5"	3.8
417	11	19	"Y5"	0.2
418	12	19	"Y5"	4.4
419	13	19	"Y5"	4.5
420	14	19	"Y5"	3.4
421	15	19	"Y5"	2.4
422	16	19	"Y5"	3.6
423	17	19	"Y5"	1.5
424	18	19	"Y5"	0.9
425	19	19	"Y5"	2.8
426	20	19	"Y5"	5.5
427	21	19	"Y5"	2.1
428	22	19	"Y5"	2.6
429	23	19	"Y5"	4.4
430	24	19	"Y5"	6.6
431	25	19	"Y5"	1.9
432	26	19	"Y5"	1.7
433	27	19	"Y5"	0.4
434	28	19	"Y5"	2.1
435	29	19	"Y5"	4.3
436	30	19	"Y5"	3.4
437	31	19	"Y5"	2.4
438	32	19	"Y5"	8.1
439	33	19	"Y5"	9.1
440	34	19	"Y5"	2.5
441	35	19	"Y5"	6.1
442	36	19	"Y5"	3.2
443	37	18	"Y5"	4.4
444	36	18	"Y5"	3.7
445	35	18	"Y5"	2
446	34	18	"Y5"	3.1
447	33	18	"Y5"	1.6
448	32	18	"Y5"	3
449	31	18	"Y5"	1.5
450	30	18	"Y5"	3.8
451	29	18	"Y5"	3.5
452	28	18	"Y5"	5.9
453	27	18	"Y5"	10.5
454	26	18	"Y5"	9.8
455	25	18	"Y5"	12
456	24	18	"Y5"	10
457	23	18	"Y5"	8.7
458	22	18	"Y5"	8.7
459	21	18	"Y5"	5.1
460	20	18	"Y5"	11.4
461	19	18	"Y5"	3
462	18	18	"Y5"	3.3
463	17	18	"Y5"	0.6
464	16	18	"Y5"	0.6
465	15	18	"Y5"	0.2
466	14	18	"Y5"	5.9
467	13	18	"Y5"	1.6
468	12	18	"Y5"	0.7
469	11	18	"Y5"	0.3
470	12	17	"Y5"	2.1
471	13	17	"Y5"	6.1
472	14	17	"Y5"	1.3
473	15	17	"Y5"	1.2
474	16	17	"Y5"	1.5
475	17	17	"Y5"	3
476	18	17	"Y5"	7.3
477	19	17	"Y5"	1.7
478	20	17	"Y5"	3.9
479	21	17	"Y5"	5.1
480	22	17	"Y5"	4.6
481	23	17	"Y5"	3.7
482	24	17	"Y5"	0.3
483	25	17	"Y5"	0.7
484	26	17	"Y5"	2.5
485	27	17	"Y5"	2.2
486	28	17	"Y5"	1.2
487	29	17	"Y5"	5.8
488	30	17	"Y5"	2.5
489	31	17	"Y5"	17.6
490	32	17	"Y5"	2.4
491	33	17	"Y5"	1.5
492	34	17	"Y5"	0.3
493	35	17	"Y5"	2.6
494	36	17	"Y5"	3.3
495	37	17	"Y5"	10.1
496	37	16	"Y5"	1.1
497	36	16	"Y5"	1.8
498	35	16	"Y5"	3.4
499	34	16	"Y5"	3.3
500	33	16	"Y5"	0
501	32	16	"Y5"	12.5
502	31	16	"Y5"	3.8
503	30	16	"Y5"	7.5
504	29	16	"Y5"	6.8
505	27	16	"Y5"	2.4
506	26	16	"Y5"	1.1
507	25	16	"Y5"	0.7
508	24	16	"Y5"	5.3
509	23	16	"Y5"	1.8
510	22	16	"Y5"	1.3
511	21	16	"Y5"	3.1
512	20	16	"Y5"	1.8
513	19	16	"Y5"	1.8
514	18	16	"Y5"	0.4
515	17	16	"Y5"	NA
516	16	16	"Y5"	2
517	15	16	"Y5"	4.1
518	14	16	"Y5"	4.3
519	13	16	"Y5"	4.6
520	12	16	"Y5"	0.8
521	13	15	"Y5"	7.2
522	14	15	"Y5"	2.4
523	15	15	"Y5"	0.2
524	16	15	"Y5"	4.8
525	17	15	"Y5"	1.9
526	18	15	"Y5"	3.2
527	19	15	"Y5"	8.3
528	20	15	"Y5"	1.1
529	21	15	"Y5"	5.2
530	22	15	"Y5"	10.6
531	23	15	"Y5"	1.4
532	24	15	"Y5"	4
533	25	15	"Y5"	0.6
534	26	15	"Y5"	4.9
535	27	15	"Y5"	3.5
536	29	15	"Y5"	2.2
537	30	15	"Y5"	12.5
538	31	15	"Y5"	11
539	32	15	"Y5"	1.3
540	33	15	"Y5"	1
541	34	15	"Y5"	6.9
542	35	15	"Y5"	13.1
543	36	15	"Y5"	9.6
544	37	15	"Y5"	9.7
545	37	14	"Y5"	1
546	36	14	"Y5"	3.7
547	35	14	"Y5"	2.9
548	34	14	"Y5"	1.9
549	33	14	"Y5"	NA
550	32	14	"Y5"	1.7
551	31	14	"Y5"	6.4
552	30	14	"Y5"	4.4
553	29	14	"Y5"	3.7
554	28	14	"Y5"	2.6
555	27	14	"Y5"	6
556	26	14	"Y5"	11
557	25	14	"Y5"	0.6
558	24	14	"Y5"	0.3
559	23	14	"Y5"	7.6
560	22	14	"Y5"	5.1
561	21	14	"Y5"	10.2
562	20	14	"Y5"	10.3
563	19	14	"Y5"	7.4
564	18	14	"Y5"	9.2
565	17	14	"Y5"	3.7
566	16	14	"Y5"	9
567	15	14	"Y5"	1.2
568	14	14	"Y5"	7.1
569	14	13	"Y5"	1.3
570	15	13	"Y5"	2.3
571	16	13	"Y5"	3.6
572	17	13	"Y5"	9
573	18	13	"Y5"	NA
574	19	13	"Y5"	9.1
575	20	13	"Y5"	2.1
576	21	13	"Y5"	4.1
577	22	13	"Y5"	10.9
578	23	13	"Y5"	12.4
579	24	13	"Y5"	10.8
580	25	13	"Y5"	13.6
581	26	13	"Y5"	5.4
582	27	13	"Y5"	1.7
583	28	13	"Y5"	5.8
584	29	13	"Y5"	10
585	30	13	"Y5"	6.6
586	31	13	"Y5"	11.1
587	32	13	"Y5"	0.6
588	33	13	"Y5"	5.1
589	34	13	"Y5"	4.9
590	35	13	"Y5"	10.8
591	36	13	"Y5"	5.9
592	37	13	"Y5"	6.3
593	38	12	"Y5"	3.7
594	37	12	"Y5"	5.5
595	36	12	"Y5"	4.1
596	34	12	"Y5"	5.6
597	33	12	"Y5"	4.6
598	32	12	"Y5"	4.4
599	31	12	"Y5"	5.5
600	30	12	"Y5"	4.3
601	29	12	"Y5"	7.4
602	28	12	"Y5"	0.2
603	27	12	"Y5"	1.7
604	26	12	"Y5"	6.2
605	25	12	"Y5"	4.3
606	24	12	"Y5"	3.8
607	23	12	"Y5"	4.4
608	22	12	"Y5"	5.2
609	21	12	"Y5"	3.8
610	20	12	"Y5"	2.6
611	19	12	"Y5"	5.8
612	18	12	"Y5"	4.6
613	17	12	"Y5"	1.4
614	16	12	"Y5"	4.6
615	16	11	"Y5"	4.1
616	17	11	"Y5"	4.4
617	18	11	"Y5"	9.4
618	19	11	"Y5"	3.4
619	20	11	"Y5"	5.3
620	21	11	"Y5"	2.2
621	22	11	"Y5"	8.3
622	23	11	"Y5"	2.9
623	24	11	"Y5"	2.9
624	25	11	"Y5"	1.7
625	26	11	"Y5"	11.3
626	27	11	"Y5"	2.7
627	28	11	"Y5"	5.9
628	29	11	"Y5"	7.2
629	30	11	"Y5"	15.7
630	31	11	"Y5"	3.6
631	32	11	"Y5"	4
632	33	11	"Y5"	1.5
633	34	11	"Y5"	1.4
634	35	11	"Y5"	1.1
635	36	11	"Y5"	3.2
636	37	11	"Y5"	5.1
637	38	11	"Y5"	4.5
638	39	10	"Y5"	4.2
639	38	10	"Y5"	0.3
640	37	10	"Y5"	7.9
641	36	10	"Y5"	6.8
642	35	10	"Y5"	8.1
643	34	10	"Y5"	8.7
644	33	10	"Y5"	2
645	32	10	"Y5"	5.4
646	31	10	"Y5"	3.3
647	30	10	"Y5"	3
648	29	10	"Y5"	3.9
649	28	10	"Y5"	7.1
650	27	10	"Y5"	10
651	26	10	"Y5"	16.6
652	25	10	"Y5"	12.1
653	24	10	"Y5"	3.2
654	23	10	"Y5"	5.3
655	22	10	"Y5"	2
656	21	10	"Y5"	5.5
657	20	10	"Y5"	5.1
658	19	10	"Y5"	0.6
659	18	10	"Y5"	1.1
660	17	10	"Y5"	2
661	16	10	"Y5"	3.5
662	17	9	"Y5"	3.1
663	18	9	"Y5"	3.8
664	19	9	"Y5"	4.6
665	20	9	"Y5"	9.7
666	21	9	"Y5"	5.1
667	22	9	"Y5"	4
668	23	9	"Y5"	1.7
669	24	9	"Y5"	8.2
670	25	9	"Y5"	3.1
671	26	9	"Y5"	4.1
672	27	9	"Y5"	15.3
673	28	9	"Y5"	3.8
674	29	9	"Y5"	2.9
675	30	9	"Y5"	0.9
676	31	9	"Y5"	0.2
677	32	9	"Y5"	7.4
678	33	9	"Y5"	4
679	34	9	"Y5"	3.5
680	35	9	"Y5"	8.4
681	36	9	"Y5"	12.5
682	37	9	"Y5"	1
683	38	9	"Y5"	3.5
684	39	9	"Y5"	2.3
685	39	8	"Y5"	3.6
686	38	8	"Y5"	5.7
687	37	8	"Y5"	4.6
688	36	8	"Y5"	7.8
689	35	8	"Y5"	13.9
690	34	8	"Y5"	4.3
691	33	8	"Y5"	10
692	32	8	"Y5"	7.3
693	31	8	"Y5"	4.6
694	30	8	"Y5"	7.8
695	29	8	"Y5"	4.9
696	28	8	"Y5"	1.7
697	27	8	"Y5"	2.8
698	26	8	"Y5"	6.6
699	25	8	"Y5"	4.5
700	24	8	"Y5"	10.3
701	23	8	"Y5"	6.8
702	22	8	"Y5"	6.8
703	21	8	"Y5"	6.7
704	20	8	"Y5"	2
705	19	8	"Y5"	2.4
706	18	8	"Y5"	4.6
707	18	7	"Y5"	1.5
708	19	7	"Y5"	1.4
709	20	7	"Y5"	6.3
710	21	7	"Y5"	5
711	22	7	"Y5"	0.6
712	23	7	"Y5"	1.3
713	24	7	"Y5"	1.9
714	25	7	"Y5"	0.2
715	26	7	"Y5"	4.2
716	27	7	"Y5"	2.5
717	28	7	"Y5"	1
718	29	7	"Y5"	0.4
719	30	7	"Y5"	1.2
720	31	7	"Y5"	1.4
721	32	7	"Y5"	0.3
722	33	7	"Y5"	1
723	34	7	"Y5"	1.9
724	35	7	"Y5"	1
725	36	7	"Y5"	1.9
726	37	7	"Y5"	2.3
727	38	7	"Y5"	0.2
728	39	7	"Y5"	NA
729	39	6	"Y5"	2.9
730	38	6	"Y5"	NA
731	37	6	"Y5"	0.1
732	36	6	"Y5"	4
733	35	6	"Y5"	0.7
734	34	6	"Y5"	1.2
735	33	6	"Y5"	2.2
736	32	6	"Y5"	4
737	31	6	"Y5"	NA
738	30	6	"Y5"	2.7
739	29	6	"Y5"	1.2
740	28	6	"Y5"	3.4
741	27	6	"Y5"	7.4
742	26	6	"Y5"	NA
743	25	6	"Y5"	3.2
744	24	6	"Y5"	NA
745	23	6	"Y5"	1.3
746	22	6	"Y5"	0.6
747	21	6	"Y5"	0.7
748	20	6	"Y5"	0.1
749	19	6	"Y5"	0.3
750	20	5	"Y5"	0.2
751	21	5	"Y5"	NA
752	22	5	"Y5"	NA
753	23	5	"Y5"	NA
754	24	5	"Y5"	NA
755	25	5	"Y5"	0.1
756	26	5	"Y5"	0.3
757	27	5	"Y5"	0.3
758	28	5	"Y5"	NA
759	29	5	"Y5"	2.3
760	30	5	"Y5"	0.4
761	31	5	"Y5"	1.4
762	32	5	"Y5"	3.4
763	33	5	"Y5"	3
764	34	5	"Y5"	NA
765	35	5	"Y5"	0.9
766	36	5	"Y5"	2.3
767	37	5	"Y5"	2.9
768	38	5	"Y5"	3.2
769	39	5	"Y5"	NA
770	40	4	"Y5"	5.5
771	39	4	"Y5"	8.6
772	38	4	"Y5"	4.4
773	37	4	"Y5"	2.5
774	36	4	"Y5"	5
775	35	4	"Y5"	4.6
776	34	4	"Y5"	1.9
777	33	4	"Y5"	5.1
778	32	4	"Y5"	NA
779	31	4	"Y5"	3.6
780	30	4	"Y5"	3.6
781	29	4	"Y5"	NA
782	28	4	"Y5"	14.2
783	27	4	"Y5"	8.1
784	26	4	"Y5"	7
785	25	4	"Y5"	4.5
786	24	4	"Y5"	8.5
787	23	4	"Y5"	8
788	22	4	"Y5"	6.8
789	21	4	"Y5"	1.9
790	20	4	"Y5"	5.7
791	21	3	"Y5"	5.7
792	22	3	"Y5"	4.2
793	23	3	"Y5"	7.3
794	24	3	"Y5"	6.3
795	25	3	"Y5"	7.5
796	26	3	"Y5"	6.9
797	27	3	"Y5"	5
798	28	3	"Y5"	NA
799	29	3	"Y5"	5
800	30	3	"Y5"	4.5
801	31	3	"Y5"	NA
802	32	3	"Y5"	2.5
803	33	3	"Y5"	13
804	34	3	"Y5"	NA
805	35	3	"Y5"	NA
806	36	3	"Y5"	3.8
807	37	3	"Y5"	4.7
808	38	3	"Y5"	NA
809	39	3	"Y5"	0.9
810	40	3	"Y5"	3.2
811	41	2	"Y5"	8.2
812	40	2	"Y5"	2.7
813	39	2	"Y5"	NA
814	38	2	"Y5"	6.7
815	37	2	"Y5"	4.2
816	36	2	"Y5"	NA
817	35	2	"Y5"	1.3
818	34	2	"Y5"	2.1
819	33	2	"Y5"	4.3
820	32	2	"Y5"	7.3
821	31	2	"Y5"	2.3
822	30	2	"Y5"	NA
823	29	2	"Y5"	NA
824	28	2	"Y5"	0.1
825	27	2	"Y5"	NA
826	26	2	"Y5"	NA
827	25	2	"Y5"	0.8
828	24	2	"Y5"	0.1
829	23	2	"Y5"	0.7
830	22	2	"Y5"	0.5
831	35	1	"Y5"	1
832	36	1	"Y5"	0.4
833	37	1	"Y5"	0.7
834	38	1	"Y5"	0
835	39	1	"Y5"	2.7
836	40	1	"Y5"	0
837	41	1	"Y5"	0.1
838	42	1	"Y5"	3.4
