"row"	"col"	"yield"	"year"
1	1	7.4	"1929"
2	1	6.6	"1929"
3	1	8	"1929"
4	1	7.2	"1929"
5	1	6.6	"1929"
6	1	5.2	"1929"
7	1	6	"1929"
8	1	7.2	"1929"
9	1	7	"1929"
10	1	6	"1929"
11	1	7.7	"1929"
12	1	7.6	"1929"
13	1	6.8	"1929"
14	1	5.9	"1929"
15	1	6.5	"1929"
16	1	6.8	"1929"
17	1	6.6	"1929"
18	1	5.6	"1929"
19	1	7	"1929"
20	1	6.6	"1929"
21	1	6.1	"1929"
22	1	5.3	"1929"
23	1	7.5	"1929"
24	1	6.6	"1929"
25	1	7.4	"1929"
26	1	6.5	"1929"
27	1	6.8	"1929"
28	1	7	"1929"
29	1	5.8	"1929"
30	1	7.1	"1929"
31	1	5.7	"1929"
32	1	6.3	"1929"
33	1	6.5	"1929"
34	1	7.2	"1929"
35	1	7.5	"1929"
36	1	5.6	"1929"
37	1	7.2	"1929"
38	1	7.5	"1929"
39	1	6.2	"1929"
40	1	7.5	"1929"
41	1	NA	"1929"
42	1	NA	"1929"
43	1	NA	"1929"
44	1	6.7	"1929"
45	1	7.3	"1929"
46	1	7.6	"1929"
47	1	7.2	"1929"
48	1	6.6	"1929"
49	1	7.1	"1929"
50	1	5.6	"1929"
51	1	7.6	"1929"
52	1	7	"1929"
53	1	7.4	"1929"
54	1	7.5	"1929"
55	1	7.9	"1929"
56	1	5.9	"1929"
57	1	8.2	"1929"
58	1	6.5	"1929"
59	1	8.1	"1929"
60	1	7	"1929"
61	1	6.6	"1929"
62	1	7.3	"1929"
63	1	7.8	"1929"
64	1	8.1	"1929"
65	1	7.9	"1929"
66	1	6.9	"1929"
67	1	7.5	"1929"
68	1	6.9	"1929"
69	1	7.5	"1929"
70	1	7.4	"1929"
71	1	7.4	"1929"
72	1	7.7	"1929"
73	1	7.2	"1929"
74	1	8	"1929"
75	1	7.3	"1929"
76	1	7.2	"1929"
77	1	6.9	"1929"
78	1	6.7	"1929"
79	1	7.4	"1929"
80	1	8.1	"1929"
81	1	5.4	"1929"
82	1	7.2	"1929"
83	1	5.9	"1929"
84	1	7.5	"1929"
85	1	5	"1929"
86	1	6.4	"1929"
87	1	6.8	"1929"
88	1	6.8	"1929"
89	1	6.8	"1929"
90	1	7.1	"1929"
91	1	7.2	"1929"
92	1	7.7	"1929"
93	1	6	"1929"
94	1	6.7	"1929"
95	1	5.8	"1929"
96	1	6.2	"1929"
97	1	6	"1929"
98	1	4.8	"1929"
99	1	7.3	"1929"
100	1	6.4	"1929"
101	1	6	"1929"
102	1	4.8	"1929"
103	1	7.1	"1929"
104	1	5.9	"1929"
105	1	6.5	"1929"
106	1	6.5	"1929"
107	1	6	"1929"
108	1	6	"1929"
109	1	5.9	"1929"
110	1	7.3	"1929"
111	1	6.5	"1929"
112	1	6.8	"1929"
113	1	7.1	"1929"
114	1	7.1	"1929"
115	1	7.5	"1929"
116	1	7.6	"1929"
117	1	7.1	"1929"
118	1	6.9	"1929"
119	1	6.5	"1929"
120	1	7.6	"1929"
121	1	6.3	"1929"
122	1	5.8	"1929"
123	1	7	"1929"
124	1	6.8	"1929"
125	1	5.7	"1929"
126	1	6.6	"1929"
127	1	8	"1929"
128	1	6.6	"1929"
129	1	5.8	"1929"
130	1	6	"1929"
131	1	6.9	"1929"
132	1	5.7	"1929"
133	1	6.2	"1929"
134	1	6	"1929"
135	1	6.6	"1929"
136	1	5.9	"1929"
137	1	8	"1929"
138	1	7.2	"1929"
139	1	6.5	"1929"
140	1	5.5	"1929"
141	1	6.6	"1929"
142	1	7.7	"1929"
143	1	5.8	"1929"
144	1	5.6	"1929"
145	1	6.5	"1929"
146	1	6.1	"1929"
147	1	6	"1929"
148	1	6.4	"1929"
149	1	5.5	"1929"
150	1	6.6	"1929"
151	1	6	"1929"
152	1	4.8	"1929"
153	1	5.8	"1929"
154	1	6.2	"1929"
155	1	6	"1929"
156	1	5.5	"1929"
157	1	5.2	"1929"
158	1	5.7	"1929"
159	1	6.2	"1929"
160	1	6	"1929"
161	1	6.2	"1929"
162	1	5	"1929"
163	1	4.9	"1929"
164	1	6.1	"1929"
165	1	6	"1929"
166	1	6.1	"1929"
167	1	6.5	"1929"
168	1	5.7	"1929"
169	1	6	"1929"
170	1	5.8	"1929"
171	1	7	"1929"
172	1	7.2	"1929"
173	1	5.2	"1929"
174	1	5	"1929"
175	1	5.8	"1929"
176	1	5.9	"1929"
177	1	5	"1929"
178	1	6	"1929"
179	1	6.1	"1929"
180	1	5.9	"1929"
181	1	5.4	"1929"
182	1	5.9	"1929"
183	1	5.3	"1929"
184	1	7.2	"1929"
185	1	5.7	"1929"
186	1	6.7	"1929"
187	1	7.5	"1929"
188	1	7.5	"1929"
189	1	6.7	"1929"
190	1	5.9	"1929"
191	1	7.1	"1929"
192	1	8	"1929"
193	1	6.8	"1929"
194	1	7.5	"1929"
195	1	7.3	"1929"
196	1	7.2	"1929"
197	1	7.5	"1929"
198	1	7.4	"1929"
199	1	7.8	"1929"
200	1	7.9	"1929"
201	1	6.9	"1929"
202	1	5.5	"1929"
203	1	6.5	"1929"
204	1	6.9	"1929"
205	1	6.5	"1929"
206	1	6.8	"1929"
207	1	8.3	"1929"
208	1	7.7	"1929"
209	1	7.1	"1929"
210	1	7.5	"1929"
211	1	6	"1929"
212	1	7.5	"1929"
213	1	7.8	"1929"
214	1	7.6	"1929"
215	1	7	"1929"
216	1	7.9	"1929"
217	1	8	"1929"
218	1	6.2	"1929"
219	1	7.3	"1929"
220	1	5.8	"1929"
221	1	7.1	"1929"
222	1	6.8	"1929"
223	1	6.6	"1929"
224	1	5.7	"1929"
225	1	7.5	"1929"
226	1	8.5	"1929"
227	1	7.5	"1929"
228	1	6.9	"1929"
229	1	7.2	"1929"
230	1	7.6	"1929"
231	1	8	"1929"
232	1	7.5	"1929"
233	1	7.4	"1929"
234	1	7.7	"1929"
235	1	7.6	"1929"
236	1	8.5	"1929"
237	1	8.3	"1929"
238	1	7.2	"1929"
239	1	7.8	"1929"
240	1	8	"1929"
241	1	6	"1929"
242	1	7.5	"1929"
243	1	7.5	"1929"
244	1	8.3	"1929"
245	1	8	"1929"
246	1	7.8	"1929"
247	1	6.9	"1929"
248	1	7.5	"1929"
249	1	6.6	"1929"
250	1	6.9	"1929"
1	2	6.1	"1929"
2	2	6.2	"1929"
3	2	7.6	"1929"
4	2	6.8	"1929"
5	2	4.8	"1929"
6	2	5.3	"1929"
7	2	5.8	"1929"
8	2	6.2	"1929"
9	2	5.2	"1929"
10	2	6.3	"1929"
11	2	4.9	"1929"
12	2	6.1	"1929"
13	2	7	"1929"
14	2	7.2	"1929"
15	2	5.6	"1929"
16	2	5.9	"1929"
17	2	6.5	"1929"
18	2	4.9	"1929"
19	2	6	"1929"
20	2	6.4	"1929"
21	2	5.8	"1929"
22	2	5	"1929"
23	2	5.9	"1929"
24	2	5.9	"1929"
25	2	8	"1929"
26	2	7.9	"1929"
27	2	6	"1929"
28	2	7.5	"1929"
29	2	6.8	"1929"
30	2	7.4	"1929"
31	2	7.1	"1929"
32	2	6.3	"1929"
33	2	7.3	"1929"
34	2	5.7	"1929"
35	2	6.6	"1929"
36	2	7.2	"1929"
37	2	7.2	"1929"
38	2	5.9	"1929"
39	2	7.2	"1929"
40	2	6.5	"1929"
41	2	NA	"1929"
42	2	NA	"1929"
43	2	NA	"1929"
44	2	7.6	"1929"
45	2	6.8	"1929"
46	2	7.9	"1929"
47	2	8	"1929"
48	2	6.6	"1929"
49	2	6.3	"1929"
50	2	6.2	"1929"
51	2	7.6	"1929"
52	2	6.2	"1929"
53	2	8.1	"1929"
54	2	7.7	"1929"
55	2	6.7	"1929"
56	2	7.1	"1929"
57	2	5.9	"1929"
58	2	6.8	"1929"
59	2	6.9	"1929"
60	2	6.4	"1929"
61	2	7.6	"1929"
62	2	7.5	"1929"
63	2	6	"1929"
64	2	8.2	"1929"
65	2	8	"1929"
66	2	7.7	"1929"
67	2	7.6	"1929"
68	2	6.7	"1929"
69	2	6.8	"1929"
70	2	7.4	"1929"
71	2	6.9	"1929"
72	2	7.5	"1929"
73	2	6.6	"1929"
74	2	7.8	"1929"
75	2	7.1	"1929"
76	2	7	"1929"
77	2	6.8	"1929"
78	2	6.7	"1929"
79	2	7	"1929"
80	2	6.5	"1929"
81	2	5.4	"1929"
82	2	6.2	"1929"
83	2	5.9	"1929"
84	2	8	"1929"
85	2	5.8	"1929"
86	2	6.3	"1929"
87	2	7.3	"1929"
88	2	6.6	"1929"
89	2	6.8	"1929"
90	2	5.7	"1929"
91	2	7.6	"1929"
92	2	7.9	"1929"
93	2	8	"1929"
94	2	6.7	"1929"
95	2	6.4	"1929"
96	2	6	"1929"
97	2	6.4	"1929"
98	2	5.6	"1929"
99	2	5.1	"1929"
100	2	6.2	"1929"
101	2	7	"1929"
102	2	6.2	"1929"
103	2	6.7	"1929"
104	2	5.1	"1929"
105	2	7.1	"1929"
106	2	6.1	"1929"
107	2	5.7	"1929"
108	2	6.5	"1929"
109	2	6.3	"1929"
110	2	7.1	"1929"
111	2	6.9	"1929"
112	2	6	"1929"
113	2	7.2	"1929"
114	2	7.2	"1929"
115	2	7.7	"1929"
116	2	7.4	"1929"
117	2	7.5	"1929"
118	2	7.1	"1929"
119	2	8	"1929"
120	2	6.6	"1929"
121	2	7.5	"1929"
122	2	6.2	"1929"
123	2	7.6	"1929"
124	2	7.2	"1929"
125	2	6.3	"1929"
126	2	7.8	"1929"
127	2	7.5	"1929"
128	2	7	"1929"
129	2	6.2	"1929"
130	2	7.4	"1929"
131	2	7	"1929"
132	2	7.1	"1929"
133	2	6.2	"1929"
134	2	6	"1929"
135	2	6.8	"1929"
136	2	6.3	"1929"
137	2	6.7	"1929"
138	2	7	"1929"
139	2	7.5	"1929"
140	2	6.9	"1929"
141	2	5.7	"1929"
142	2	5.7	"1929"
143	2	6	"1929"
144	2	5	"1929"
145	2	5	"1929"
146	2	6.1	"1929"
147	2	7.3	"1929"
148	2	5.2	"1929"
149	2	5.1	"1929"
150	2	6.3	"1929"
151	2	6	"1929"
152	2	5	"1929"
153	2	5.7	"1929"
154	2	5	"1929"
155	2	6.5	"1929"
156	2	6	"1929"
157	2	6	"1929"
158	2	5.8	"1929"
159	2	6.5	"1929"
160	2	7	"1929"
161	2	5.1	"1929"
162	2	5	"1929"
163	2	5.1	"1929"
164	2	5.1	"1929"
165	2	4.8	"1929"
166	2	5.7	"1929"
167	2	5.1	"1929"
168	2	6.1	"1929"
169	2	5	"1929"
170	2	6.8	"1929"
171	2	6	"1929"
172	2	6.2	"1929"
173	2	5.4	"1929"
174	2	5.8	"1929"
175	2	5.8	"1929"
176	2	5.9	"1929"
177	2	5.1	"1929"
178	2	5.4	"1929"
179	2	6.3	"1929"
180	2	5.5	"1929"
181	2	5.9	"1929"
182	2	6.1	"1929"
183	2	6.4	"1929"
184	2	6	"1929"
185	2	6.2	"1929"
186	2	5.3	"1929"
187	2	7.3	"1929"
188	2	7.3	"1929"
189	2	7.1	"1929"
190	2	6.3	"1929"
191	2	7.7	"1929"
192	2	6.1	"1929"
193	2	7.6	"1929"
194	2	6.9	"1929"
195	2	7.9	"1929"
196	2	6.9	"1929"
197	2	6.7	"1929"
198	2	7.2	"1929"
199	2	8	"1929"
200	2	8.1	"1929"
201	2	7.1	"1929"
202	2	6.7	"1929"
203	2	5.6	"1929"
204	2	6.8	"1929"
205	2	7.4	"1929"
206	2	6.5	"1929"
207	2	7.3	"1929"
208	2	6.2	"1929"
209	2	6.3	"1929"
210	2	7.7	"1929"
211	2	6.3	"1929"
212	2	7.2	"1929"
213	2	7.2	"1929"
214	2	7.6	"1929"
215	2	6.8	"1929"
216	2	7.8	"1929"
217	2	8	"1929"
218	2	6.8	"1929"
219	2	7.3	"1929"
220	2	6	"1929"
221	2	7.6	"1929"
222	2	6.8	"1929"
223	2	6.9	"1929"
224	2	6.4	"1929"
225	2	7.7	"1929"
226	2	6.9	"1929"
227	2	6.7	"1929"
228	2	6.3	"1929"
229	2	7	"1929"
230	2	7.4	"1929"
231	2	7.4	"1929"
232	2	7.7	"1929"
233	2	7.7	"1929"
234	2	5.8	"1929"
235	2	6.4	"1929"
236	2	7	"1929"
237	2	8	"1929"
238	2	7	"1929"
239	2	8	"1929"
240	2	7.3	"1929"
241	2	6.4	"1929"
242	2	6	"1929"
243	2	7.6	"1929"
244	2	5.9	"1929"
245	2	6.6	"1929"
246	2	7	"1929"
247	2	6	"1929"
248	2	8	"1929"
249	2	5.6	"1929"
250	2	6.1	"1929"
1	3	6.1	"1929"
2	3	5.2	"1929"
3	3	7.4	"1929"
4	3	4.6	"1929"
5	3	6.8	"1929"
6	3	5.7	"1929"
7	3	6.4	"1929"
8	3	8.1	"1929"
9	3	6.1	"1929"
10	3	6.7	"1929"
11	3	6.8	"1929"
12	3	6.6	"1929"
13	3	6.9	"1929"
14	3	5.5	"1929"
15	3	5.9	"1929"
16	3	5.9	"1929"
17	3	6.7	"1929"
18	3	5.9	"1929"
19	3	5.4	"1929"
20	3	5.6	"1929"
21	3	6.9	"1929"
22	3	5.1	"1929"
23	3	4.8	"1929"
24	3	5.5	"1929"
25	3	6.9	"1929"
26	3	6.1	"1929"
27	3	7.5	"1929"
28	3	5.9	"1929"
29	3	5.6	"1929"
30	3	5.9	"1929"
31	3	6.1	"1929"
32	3	7.2	"1929"
33	3	5.5	"1929"
34	3	6.5	"1929"
35	3	5.9	"1929"
36	3	7.3	"1929"
37	3	6.6	"1929"
38	3	6.2	"1929"
39	3	5.4	"1929"
40	3	6.9	"1929"
41	3	NA	"1929"
42	3	NA	"1929"
43	3	NA	"1929"
44	3	6.8	"1929"
45	3	7.9	"1929"
46	3	7.3	"1929"
47	3	7.4	"1929"
48	3	7.8	"1929"
49	3	6.1	"1929"
50	3	8	"1929"
51	3	6.8	"1929"
52	3	7.9	"1929"
53	3	6	"1929"
54	3	7.3	"1929"
55	3	7	"1929"
56	3	6.4	"1929"
57	3	7.9	"1929"
58	3	7.1	"1929"
59	3	5.5	"1929"
60	3	6.2	"1929"
61	3	7.2	"1929"
62	3	8	"1929"
63	3	7.6	"1929"
64	3	7.1	"1929"
65	3	7.5	"1929"
66	3	8.3	"1929"
67	3	8	"1929"
68	3	6	"1929"
69	3	7.5	"1929"
70	3	7.1	"1929"
71	3	5.9	"1929"
72	3	7.2	"1929"
73	3	8.5	"1929"
74	3	6.3	"1929"
75	3	5.6	"1929"
76	3	7	"1929"
77	3	7.9	"1929"
78	3	6.5	"1929"
79	3	5.8	"1929"
80	3	6	"1929"
81	3	7.2	"1929"
82	3	5.8	"1929"
83	3	6.6	"1929"
84	3	6.2	"1929"
85	3	6	"1929"
86	3	6.1	"1929"
87	3	5.6	"1929"
88	3	5.9	"1929"
89	3	6	"1929"
90	3	5.4	"1929"
91	3	6.6	"1929"
92	3	6.6	"1929"
93	3	5.6	"1929"
94	3	5	"1929"
95	3	5.4	"1929"
96	3	6.2	"1929"
97	3	6.8	"1929"
98	3	6.2	"1929"
99	3	6.4	"1929"
100	3	6.2	"1929"
101	3	6.8	"1929"
102	3	6.9	"1929"
103	3	6.2	"1929"
104	3	5.6	"1929"
105	3	5.9	"1929"
106	3	7.3	"1929"
107	3	5.9	"1929"
108	3	6.5	"1929"
109	3	6.8	"1929"
110	3	5.8	"1929"
111	3	6.5	"1929"
112	3	6.4	"1929"
113	3	6	"1929"
114	3	6.1	"1929"
115	3	6.6	"1929"
116	3	6.4	"1929"
117	3	6.8	"1929"
118	3	6	"1929"
119	3	6.5	"1929"
120	3	7.2	"1929"
121	3	6	"1929"
122	3	6.6	"1929"
123	3	5.4	"1929"
124	3	5.4	"1929"
125	3	6.7	"1929"
126	3	7.2	"1929"
127	3	6.2	"1929"
128	3	6.5	"1929"
129	3	6.5	"1929"
130	3	6	"1929"
131	3	7.2	"1929"
132	3	7.5	"1929"
133	3	5.7	"1929"
134	3	5.4	"1929"
135	3	6.9	"1929"
136	3	6.5	"1929"
137	3	8.2	"1929"
138	3	6.4	"1929"
139	3	6.4	"1929"
140	3	5.6	"1929"
141	3	6.5	"1929"
142	3	6	"1929"
143	3	5.2	"1929"
144	3	5.8	"1929"
145	3	6.1	"1929"
146	3	7.1	"1929"
147	3	7	"1929"
148	3	6.8	"1929"
149	3	6.5	"1929"
150	3	6.1	"1929"
151	3	6.4	"1929"
152	3	5.9	"1929"
153	3	6	"1929"
154	3	5.8	"1929"
155	3	6.5	"1929"
156	3	6.2	"1929"
157	3	5	"1929"
158	3	6.3	"1929"
159	3	6.1	"1929"
160	3	6.7	"1929"
161	3	5.9	"1929"
162	3	5.5	"1929"
163	3	5	"1929"
164	3	5.2	"1929"
165	3	4.7	"1929"
166	3	5.8	"1929"
167	3	5.2	"1929"
168	3	5.2	"1929"
169	3	6	"1929"
170	3	6.6	"1929"
171	3	6.4	"1929"
172	3	6.2	"1929"
173	3	5.8	"1929"
174	3	5	"1929"
175	3	5.8	"1929"
176	3	6	"1929"
177	3	4.9	"1929"
178	3	5.3	"1929"
179	3	5.8	"1929"
180	3	4.8	"1929"
181	3	6	"1929"
182	3	6.2	"1929"
183	3	6.3	"1929"
184	3	5.3	"1929"
185	3	5.5	"1929"
186	3	5.4	"1929"
187	3	7.6	"1929"
188	3	6.3	"1929"
189	3	6.4	"1929"
190	3	5.5	"1929"
191	3	6.1	"1929"
192	3	7.5	"1929"
193	3	6.9	"1929"
194	3	6.5	"1929"
195	3	6.9	"1929"
196	3	6.7	"1929"
197	3	5.9	"1929"
198	3	6	"1929"
199	3	8.1	"1929"
200	3	7.9	"1929"
201	3	7.5	"1929"
202	3	5.2	"1929"
203	3	7.6	"1929"
204	3	7	"1929"
205	3	7.1	"1929"
206	3	7	"1929"
207	3	7.5	"1929"
208	3	7.6	"1929"
209	3	7.4	"1929"
210	3	7.1	"1929"
211	3	7.5	"1929"
212	3	6.6	"1929"
213	3	7.4	"1929"
214	3	7.5	"1929"
215	3	7	"1929"
216	3	7.3	"1929"
217	3	6.1	"1929"
218	3	6	"1929"
219	3	8	"1929"
220	3	7.3	"1929"
221	3	7.3	"1929"
222	3	7	"1929"
223	3	5.3	"1929"
224	3	6.8	"1929"
225	3	7	"1929"
226	3	6.8	"1929"
227	3	7	"1929"
228	3	6.7	"1929"
229	3	7.2	"1929"
230	3	7.4	"1929"
231	3	7.3	"1929"
232	3	6.8	"1929"
233	3	7.5	"1929"
234	3	7.4	"1929"
235	3	7	"1929"
236	3	7.9	"1929"
237	3	7.3	"1929"
238	3	7.5	"1929"
239	3	7.6	"1929"
240	3	6.5	"1929"
241	3	5.8	"1929"
242	3	6.1	"1929"
243	3	6.6	"1929"
244	3	7	"1929"
245	3	5.8	"1929"
246	3	7.2	"1929"
247	3	6.3	"1929"
248	3	7.5	"1929"
249	3	6.2	"1929"
250	3	8.3	"1929"
1	4	7	"1929"
2	4	6	"1929"
3	4	5.5	"1929"
4	4	6.8	"1929"
5	4	5.9	"1929"
6	4	7.1	"1929"
7	4	5.1	"1929"
8	4	6.4	"1929"
9	4	5.9	"1929"
10	4	5.9	"1929"
11	4	6	"1929"
12	4	8.1	"1929"
13	4	7.2	"1929"
14	4	7.1	"1929"
15	4	6.1	"1929"
16	4	5.7	"1929"
17	4	6.5	"1929"
18	4	5.3	"1929"
19	4	6.2	"1929"
20	4	5.7	"1929"
21	4	5.5	"1929"
22	4	7.2	"1929"
23	4	6.1	"1929"
24	4	6.5	"1929"
25	4	6.7	"1929"
26	4	5.9	"1929"
27	4	5.9	"1929"
28	4	5	"1929"
29	4	6.4	"1929"
30	4	6	"1929"
31	4	6.4	"1929"
32	4	6.9	"1929"
33	4	5.8	"1929"
34	4	6.7	"1929"
35	4	5.2	"1929"
36	4	6.7	"1929"
37	4	6.8	"1929"
38	4	6.2	"1929"
39	4	5.6	"1929"
40	4	6.4	"1929"
41	4	NA	"1929"
42	4	NA	"1929"
43	4	NA	"1929"
44	4	6.3	"1929"
45	4	6.9	"1929"
46	4	6.5	"1929"
47	4	7.5	"1929"
48	4	5.9	"1929"
49	4	7.6	"1929"
50	4	7.9	"1929"
51	4	7.5	"1929"
52	4	7.5	"1929"
53	4	7.6	"1929"
54	4	7.2	"1929"
55	4	7.6	"1929"
56	4	6.4	"1929"
57	4	7.5	"1929"
58	4	5.7	"1929"
59	4	7.6	"1929"
60	4	6.2	"1929"
61	4	6.9	"1929"
62	4	7.6	"1929"
63	4	7.8	"1929"
64	4	8	"1929"
65	4	7.4	"1929"
66	4	5.9	"1929"
67	4	7.5	"1929"
68	4	5.3	"1929"
69	4	8.1	"1929"
70	4	6.3	"1929"
71	4	6.4	"1929"
72	4	7	"1929"
73	4	8	"1929"
74	4	6	"1929"
75	4	6	"1929"
76	4	6.4	"1929"
77	4	6.5	"1929"
78	4	5.5	"1929"
79	4	4.8	"1929"
80	4	6.2	"1929"
81	4	5.9	"1929"
82	4	6	"1929"
83	4	7.2	"1929"
84	4	6.4	"1929"
85	4	6	"1929"
86	4	6.2	"1929"
87	4	6.4	"1929"
88	4	7.5	"1929"
89	4	5.6	"1929"
90	4	5.8	"1929"
91	4	6	"1929"
92	4	7	"1929"
93	4	6.4	"1929"
94	4	5	"1929"
95	4	5	"1929"
96	4	6.4	"1929"
97	4	5.2	"1929"
98	4	6.4	"1929"
99	4	5.6	"1929"
100	4	4.8	"1929"
101	4	4.8	"1929"
102	4	5.1	"1929"
103	4	6.8	"1929"
104	4	6.2	"1929"
105	4	5.7	"1929"
106	4	6.4	"1929"
107	4	6.3	"1929"
108	4	6.6	"1929"
109	4	7	"1929"
110	4	6.9	"1929"
111	4	7.1	"1929"
112	4	5	"1929"
113	4	6.1	"1929"
114	4	5.8	"1929"
115	4	7	"1929"
116	4	6.6	"1929"
117	4	7.2	"1929"
118	4	6	"1929"
119	4	6.2	"1929"
120	4	7.6	"1929"
121	4	6.5	"1929"
122	4	5.6	"1929"
123	4	6.4	"1929"
124	4	6.8	"1929"
125	4	7	"1929"
126	4	6	"1929"
127	4	6	"1929"
128	4	5.9	"1929"
129	4	6.5	"1929"
130	4	6.6	"1929"
131	4	8.1	"1929"
132	4	6.7	"1929"
133	4	6.1	"1929"
134	4	5.4	"1929"
135	4	7.9	"1929"
136	4	8.1	"1929"
137	4	7.8	"1929"
138	4	6.2	"1929"
139	4	7.2	"1929"
140	4	6.8	"1929"
141	4	6.1	"1929"
142	4	7	"1929"
143	4	6.2	"1929"
144	4	7.4	"1929"
145	4	5.6	"1929"
146	4	7.1	"1929"
147	4	7.9	"1929"
148	4	6.6	"1929"
149	4	6.1	"1929"
150	4	6	"1929"
151	4	6.4	"1929"
152	4	6.7	"1929"
153	4	5.9	"1929"
154	4	6.2	"1929"
155	4	6.7	"1929"
156	4	6.3	"1929"
157	4	5.4	"1929"
158	4	6.5	"1929"
159	4	6.9	"1929"
160	4	6.3	"1929"
161	4	6.5	"1929"
162	4	5.5	"1929"
163	4	5.2	"1929"
164	4	6.2	"1929"
165	4	5	"1929"
166	4	5.6	"1929"
167	4	5.6	"1929"
168	4	5.1	"1929"
169	4	5.6	"1929"
170	4	6.5	"1929"
171	4	5.7	"1929"
172	4	5.6	"1929"
173	4	5.5	"1929"
174	4	5	"1929"
175	4	6	"1929"
176	4	6	"1929"
177	4	5.5	"1929"
178	4	5.7	"1929"
179	4	5.8	"1929"
180	4	5	"1929"
181	4	5.3	"1929"
182	4	7.2	"1929"
183	4	6.4	"1929"
184	4	5.7	"1929"
185	4	7.3	"1929"
186	4	6.6	"1929"
187	4	7.2	"1929"
188	4	7.1	"1929"
189	4	5.7	"1929"
190	4	7.5	"1929"
191	4	6.7	"1929"
192	4	7.9	"1929"
193	4	7.9	"1929"
194	4	6.5	"1929"
195	4	7.3	"1929"
196	4	8.1	"1929"
197	4	7.1	"1929"
198	4	7.2	"1929"
199	4	8.2	"1929"
200	4	8.2	"1929"
201	4	6.5	"1929"
202	4	7.1	"1929"
203	4	7.9	"1929"
204	4	6	"1929"
205	4	7.2	"1929"
206	4	7.1	"1929"
207	4	7.1	"1929"
208	4	6.3	"1929"
209	4	5.7	"1929"
210	4	6.9	"1929"
211	4	7	"1929"
212	4	7.9	"1929"
213	4	6.8	"1929"
214	4	6.9	"1929"
215	4	5.8	"1929"
216	4	8	"1929"
217	4	7.1	"1929"
218	4	6.8	"1929"
219	4	8	"1929"
220	4	7.9	"1929"
221	4	5.1	"1929"
222	4	7.3	"1929"
223	4	8	"1929"
224	4	7.3	"1929"
225	4	5.6	"1929"
226	4	8.4	"1929"
227	4	7.1	"1929"
228	4	7.5	"1929"
229	4	6.7	"1929"
230	4	7.2	"1929"
231	4	7.5	"1929"
232	4	6.6	"1929"
233	4	7	"1929"
234	4	7.1	"1929"
235	4	6	"1929"
236	4	6.9	"1929"
237	4	7.7	"1929"
238	4	7.3	"1929"
239	4	6.6	"1929"
240	4	6.5	"1929"
241	4	6.4	"1929"
242	4	7.1	"1929"
243	4	6.9	"1929"
244	4	6.2	"1929"
245	4	6.6	"1929"
246	4	8	"1929"
247	4	5.6	"1929"
248	4	7.3	"1929"
249	4	5.4	"1929"
250	4	7.9	"1929"
1	1	8.3	"1930"
2	1	7.3	"1930"
3	1	6	"1930"
4	1	6	"1930"
5	1	7	"1930"
6	1	6.3	"1930"
7	1	6.8	"1930"
8	1	5.8	"1930"
9	1	6	"1930"
10	1	5.9	"1930"
11	1	7.4	"1930"
12	1	6.2	"1930"
13	1	7.1	"1930"
14	1	6.4	"1930"
15	1	8.5	"1930"
16	1	8	"1930"
17	1	6.4	"1930"
18	1	7.5	"1930"
19	1	8.5	"1930"
20	1	7.3	"1930"
21	1	7	"1930"
22	1	7	"1930"
23	1	7.4	"1930"
24	1	7.2	"1930"
25	1	6	"1930"
26	1	6.4	"1930"
27	1	6.9	"1930"
28	1	7.1	"1930"
29	1	8.9	"1930"
30	1	7.5	"1930"
31	1	7.8	"1930"
32	1	7.4	"1930"
33	1	7.9	"1930"
34	1	6.3	"1930"
35	1	7.2	"1930"
36	1	7.4	"1930"
37	1	6.5	"1930"
38	1	7.3	"1930"
39	1	7.2	"1930"
40	1	8.6	"1930"
41	1	8.2	"1930"
42	1	7.7	"1930"
43	1	8.9	"1930"
44	1	9.1	"1930"
45	1	8	"1930"
46	1	9.1	"1930"
47	1	9.1	"1930"
48	1	7	"1930"
49	1	9.7	"1930"
50	1	7.9	"1930"
51	1	7.3	"1930"
52	1	7.7	"1930"
53	1	9.2	"1930"
54	1	8.9	"1930"
55	1	9.7	"1930"
56	1	8.7	"1930"
57	1	9	"1930"
58	1	8.3	"1930"
59	1	9	"1930"
60	1	7	"1930"
61	1	9.3	"1930"
62	1	10.3	"1930"
63	1	9.9	"1930"
64	1	9	"1930"
65	1	7.9	"1930"
66	1	7	"1930"
67	1	8.5	"1930"
68	1	8.3	"1930"
69	1	7	"1930"
70	1	9	"1930"
71	1	6.9	"1930"
72	1	9.9	"1930"
73	1	6.9	"1930"
74	1	8.3	"1930"
75	1	9.1	"1930"
76	1	8.3	"1930"
77	1	10.5	"1930"
78	1	8.7	"1930"
79	1	8.4	"1930"
80	1	10.3	"1930"
81	1	8.4	"1930"
82	1	7.7	"1930"
83	1	10.8	"1930"
84	1	8.5	"1930"
85	1	9.6	"1930"
86	1	6.4	"1930"
87	1	10.9	"1930"
88	1	8.8	"1930"
89	1	10.6	"1930"
90	1	8.1	"1930"
91	1	7.6	"1930"
92	1	7.1	"1930"
93	1	6	"1930"
94	1	9.9	"1930"
95	1	11.1	"1930"
96	1	7.3	"1930"
97	1	9.6	"1930"
98	1	8.2	"1930"
99	1	9.9	"1930"
100	1	7	"1930"
101	1	9.2	"1930"
102	1	10.3	"1930"
103	1	8.1	"1930"
104	1	9	"1930"
105	1	8	"1930"
106	1	9.6	"1930"
107	1	10.4	"1930"
108	1	8.7	"1930"
109	1	8.5	"1930"
110	1	10.9	"1930"
111	1	9.4	"1930"
112	1	7.7	"1930"
113	1	8	"1930"
114	1	7.8	"1930"
115	1	9.6	"1930"
116	1	10.4	"1930"
117	1	7.7	"1930"
118	1	9.9	"1930"
119	1	10.1	"1930"
120	1	8.7	"1930"
121	1	7.7	"1930"
122	1	5.2	"1930"
123	1	10.1	"1930"
124	1	8.4	"1930"
125	1	8.7	"1930"
126	1	7.4	"1930"
127	1	8.4	"1930"
128	1	10	"1930"
129	1	9.6	"1930"
130	1	7.6	"1930"
131	1	8.7	"1930"
132	1	9.5	"1930"
133	1	8.4	"1930"
134	1	9.1	"1930"
135	1	6.3	"1930"
136	1	7.5	"1930"
137	1	8.7	"1930"
138	1	6.1	"1930"
139	1	8.7	"1930"
140	1	8.3	"1930"
141	1	7.3	"1930"
142	1	8.7	"1930"
143	1	7.3	"1930"
144	1	9.3	"1930"
145	1	7.6	"1930"
146	1	7.6	"1930"
147	1	6.3	"1930"
148	1	6.6	"1930"
149	1	6.8	"1930"
150	1	7	"1930"
151	1	6.2	"1930"
152	1	7.1	"1930"
153	1	8	"1930"
154	1	6.2	"1930"
155	1	5.9	"1930"
156	1	8.4	"1930"
157	1	7.1	"1930"
158	1	11.1	"1930"
159	1	12.2	"1930"
160	1	8.6	"1930"
161	1	10.7	"1930"
162	1	10.7	"1930"
163	1	10	"1930"
164	1	9.2	"1930"
165	1	8.8	"1930"
166	1	8.1	"1930"
167	1	7.2	"1930"
168	1	7.2	"1930"
169	1	8	"1930"
170	1	8.5	"1930"
171	1	9.2	"1930"
172	1	10.3	"1930"
173	1	10.9	"1930"
174	1	10.2	"1930"
175	1	12.4	"1930"
176	1	12.1	"1930"
177	1	11.6	"1930"
178	1	13.5	"1930"
179	1	10	"1930"
180	1	12.3	"1930"
181	1	10.1	"1930"
182	1	9.1	"1930"
183	1	11.5	"1930"
184	1	14.1	"1930"
185	1	12.1	"1930"
186	1	10.7	"1930"
187	1	11.7	"1930"
188	1	12.9	"1930"
189	1	14.3	"1930"
190	1	11.3	"1930"
191	1	9.8	"1930"
192	1	12.5	"1930"
193	1	13.8	"1930"
194	1	12.3	"1930"
195	1	12.3	"1930"
196	1	12.4	"1930"
197	1	10.7	"1930"
198	1	11	"1930"
199	1	13.6	"1930"
200	1	14.1	"1930"
201	1	10.5	"1930"
202	1	14.1	"1930"
203	1	9.3	"1930"
204	1	10.4	"1930"
205	1	10.8	"1930"
206	1	9.6	"1930"
207	1	8.4	"1930"
208	1	9.7	"1930"
209	1	10.7	"1930"
210	1	11.7	"1930"
211	1	9.3	"1930"
212	1	10.5	"1930"
213	1	10.2	"1930"
214	1	11.7	"1930"
215	1	10.2	"1930"
216	1	11	"1930"
217	1	12.4	"1930"
218	1	13.7	"1930"
219	1	12.2	"1930"
220	1	11.3	"1930"
221	1	11.1	"1930"
222	1	12.1	"1930"
223	1	11.3	"1930"
224	1	11.1	"1930"
225	1	11.6	"1930"
226	1	12.4	"1930"
227	1	13.5	"1930"
228	1	13.4	"1930"
229	1	13.5	"1930"
230	1	10.6	"1930"
231	1	12.2	"1930"
232	1	12.1	"1930"
233	1	11.9	"1930"
234	1	10.5	"1930"
235	1	8.4	"1930"
236	1	11.4	"1930"
237	1	13.4	"1930"
238	1	14	"1930"
239	1	12.9	"1930"
240	1	10.7	"1930"
241	1	10.5	"1930"
242	1	9.8	"1930"
243	1	12.4	"1930"
244	1	11.5	"1930"
245	1	11.3	"1930"
246	1	12.3	"1930"
247	1	10.1	"1930"
248	1	12.3	"1930"
249	1	12.1	"1930"
250	1	11.4	"1930"
251	1	10.4	"1930"
252	1	9.3	"1930"
253	1	11.1	"1930"
254	1	11.1	"1930"
255	1	NA	"1930"
256	1	9.9	"1930"
257	1	11.3	"1930"
258	1	9.3	"1930"
259	1	7.3	"1930"
260	1	7.9	"1930"
261	1	8	"1930"
262	1	8.3	"1930"
263	1	7.5	"1930"
264	1	8.7	"1930"
265	1	11.3	"1930"
266	1	11.9	"1930"
267	1	12.8	"1930"
268	1	8.5	"1930"
269	1	10	"1930"
270	1	8.6	"1930"
271	1	8.9	"1930"
272	1	8.9	"1930"
273	1	7.5	"1930"
274	1	8.5	"1930"
275	1	12.3	"1930"
276	1	9.1	"1930"
277	1	10.9	"1930"
278	1	10.7	"1930"
279	1	12.2	"1930"
280	1	12.4	"1930"
281	1	13.1	"1930"
282	1	11.9	"1930"
283	1	10	"1930"
284	1	11.7	"1930"
285	1	14.4	"1930"
286	1	12.3	"1930"
287	1	12.1	"1930"
288	1	10.7	"1930"
289	1	11.5	"1930"
290	1	9.6	"1930"
291	1	11	"1930"
292	1	11.4	"1930"
293	1	11.6	"1930"
294	1	12.2	"1930"
295	1	12.1	"1930"
296	1	12.3	"1930"
297	1	11	"1930"
298	1	9.1	"1930"
299	1	9.2	"1930"
300	1	12.1	"1930"
1	2	7.9	"1930"
2	2	8.4	"1930"
3	2	8	"1930"
4	2	9.3	"1930"
5	2	8.3	"1930"
6	2	7.4	"1930"
7	2	6.8	"1930"
8	2	7.7	"1930"
9	2	7.4	"1930"
10	2	8.3	"1930"
11	2	7.1	"1930"
12	2	7.7	"1930"
13	2	9.1	"1930"
14	2	7.8	"1930"
15	2	7.1	"1930"
16	2	9.3	"1930"
17	2	8.1	"1930"
18	2	8.5	"1930"
19	2	7.5	"1930"
20	2	10.1	"1930"
21	2	10	"1930"
22	2	8.4	"1930"
23	2	6.5	"1930"
24	2	6.6	"1930"
25	2	8.5	"1930"
26	2	9.9	"1930"
27	2	9.6	"1930"
28	2	11.8	"1930"
29	2	9.5	"1930"
30	2	11.8	"1930"
31	2	10.2	"1930"
32	2	10.3	"1930"
33	2	9.7	"1930"
34	2	11.3	"1930"
35	2	10.5	"1930"
36	2	10.4	"1930"
37	2	11.5	"1930"
38	2	9.1	"1930"
39	2	10.4	"1930"
40	2	12.2	"1930"
41	2	9.9	"1930"
42	2	10.8	"1930"
43	2	10.4	"1930"
44	2	9.9	"1930"
45	2	11.9	"1930"
46	2	13.2	"1930"
47	2	13	"1930"
48	2	10.6	"1930"
49	2	13.7	"1930"
50	2	12.7	"1930"
51	2	10	"1930"
52	2	10.4	"1930"
53	2	9.6	"1930"
54	2	10.6	"1930"
55	2	13.1	"1930"
56	2	10	"1930"
57	2	10.3	"1930"
58	2	13.3	"1930"
59	2	10.6	"1930"
60	2	10	"1930"
61	2	12.2	"1930"
62	2	12.4	"1930"
63	2	12.4	"1930"
64	2	10.7	"1930"
65	2	10.7	"1930"
66	2	10.9	"1930"
67	2	12.1	"1930"
68	2	14.3	"1930"
69	2	11.6	"1930"
70	2	10.2	"1930"
71	2	9.2	"1930"
72	2	9.9	"1930"
73	2	9.1	"1930"
74	2	10.5	"1930"
75	2	9.4	"1930"
76	2	9.2	"1930"
77	2	8.6	"1930"
78	2	11	"1930"
79	2	12.5	"1930"
80	2	12.4	"1930"
81	2	10.2	"1930"
82	2	12.5	"1930"
83	2	12.2	"1930"
84	2	10.9	"1930"
85	2	10.4	"1930"
86	2	11.6	"1930"
87	2	10.3	"1930"
88	2	10.2	"1930"
89	2	12.4	"1930"
90	2	12.3	"1930"
91	2	12.2	"1930"
92	2	10.4	"1930"
93	2	13.5	"1930"
94	2	11.9	"1930"
95	2	9.2	"1930"
96	2	10	"1930"
97	2	11.1	"1930"
98	2	12.9	"1930"
99	2	9.7	"1930"
100	2	11.3	"1930"
101	2	11.9	"1930"
102	2	13.4	"1930"
103	2	12.3	"1930"
104	2	12.1	"1930"
105	2	11.1	"1930"
106	2	11.6	"1930"
107	2	11.4	"1930"
108	2	13.5	"1930"
109	2	16.1	"1930"
110	2	11.8	"1930"
111	2	9.5	"1930"
112	2	11.2	"1930"
113	2	10.1	"1930"
114	2	9	"1930"
115	2	10.7	"1930"
116	2	13.3	"1930"
117	2	12.3	"1930"
118	2	12	"1930"
119	2	11.7	"1930"
120	2	10.9	"1930"
121	2	10.7	"1930"
122	2	11.1	"1930"
123	2	11.6	"1930"
124	2	11.2	"1930"
125	2	9.7	"1930"
126	2	13.2	"1930"
127	2	10.1	"1930"
128	2	10.6	"1930"
129	2	13.1	"1930"
130	2	12.9	"1930"
131	2	12.9	"1930"
132	2	11.7	"1930"
133	2	13.8	"1930"
134	2	11.9	"1930"
135	2	13.3	"1930"
136	2	12.7	"1930"
137	2	11.7	"1930"
138	2	13	"1930"
139	2	12.1	"1930"
140	2	9.8	"1930"
141	2	11.4	"1930"
142	2	11.7	"1930"
143	2	11.4	"1930"
144	2	10.7	"1930"
145	2	12	"1930"
146	2	11.7	"1930"
147	2	11.5	"1930"
148	2	10.4	"1930"
149	2	12.7	"1930"
150	2	11.9	"1930"
151	2	11.9	"1930"
152	2	11.9	"1930"
153	2	12	"1930"
154	2	13.5	"1930"
155	2	12.7	"1930"
156	2	19.9	"1930"
157	2	13.1	"1930"
158	2	12.1	"1930"
159	2	12.1	"1930"
160	2	10	"1930"
161	2	12	"1930"
162	2	11.7	"1930"
163	2	14.1	"1930"
164	2	14.2	"1930"
165	2	13.6	"1930"
166	2	13.9	"1930"
167	2	11.9	"1930"
168	2	9.3	"1930"
169	2	11.6	"1930"
170	2	11.2	"1930"
171	2	10	"1930"
172	2	10.8	"1930"
173	2	10.9	"1930"
174	2	11.9	"1930"
175	2	12.2	"1930"
176	2	12.4	"1930"
177	2	10.3	"1930"
178	2	12.7	"1930"
179	2	10.1	"1930"
180	2	11.9	"1930"
181	2	9.7	"1930"
182	2	11.1	"1930"
183	2	9.5	"1930"
184	2	9.9	"1930"
185	2	8.9	"1930"
186	2	12.1	"1930"
187	2	11.3	"1930"
188	2	9.8	"1930"
189	2	9.6	"1930"
190	2	12.5	"1930"
191	2	12.5	"1930"
192	2	12.3	"1930"
193	2	13	"1930"
194	2	11.8	"1930"
195	2	13.9	"1930"
196	2	12.5	"1930"
197	2	11.7	"1930"
198	2	11.5	"1930"
199	2	11.9	"1930"
200	2	9.7	"1930"
201	2	8.9	"1930"
202	2	10.5	"1930"
203	2	8.7	"1930"
204	2	10.5	"1930"
205	2	9.8	"1930"
206	2	9.6	"1930"
207	2	11.9	"1930"
208	2	13	"1930"
209	2	10.9	"1930"
210	2	10.5	"1930"
211	2	9.6	"1930"
212	2	10.3	"1930"
213	2	11.7	"1930"
214	2	9.7	"1930"
215	2	12	"1930"
216	2	11	"1930"
217	2	10.7	"1930"
218	2	10.6	"1930"
219	2	9.7	"1930"
220	2	10.7	"1930"
221	2	10.8	"1930"
222	2	11.7	"1930"
223	2	11.4	"1930"
224	2	8.8	"1930"
225	2	8	"1930"
226	2	10.6	"1930"
227	2	10.1	"1930"
228	2	11.1	"1930"
229	2	14.5	"1930"
230	2	11.5	"1930"
231	2	11.1	"1930"
232	2	7.6	"1930"
233	2	9.1	"1930"
234	2	11.2	"1930"
235	2	8.4	"1930"
236	2	11.2	"1930"
237	2	10.8	"1930"
238	2	14.2	"1930"
239	2	10.3	"1930"
240	2	9.8	"1930"
241	2	10.4	"1930"
242	2	11.7	"1930"
243	2	11.4	"1930"
244	2	10	"1930"
245	2	11.6	"1930"
246	2	10.9	"1930"
247	2	12.7	"1930"
248	2	10.4	"1930"
249	2	11.3	"1930"
250	2	13.7	"1930"
251	2	9.4	"1930"
252	2	10.3	"1930"
253	2	11.9	"1930"
254	2	10.5	"1930"
255	2	NA	"1930"
256	2	11.3	"1930"
257	2	11.3	"1930"
258	2	10.8	"1930"
259	2	10.9	"1930"
260	2	9.4	"1930"
261	2	9.9	"1930"
262	2	12.5	"1930"
263	2	12	"1930"
264	2	12.4	"1930"
265	2	13.4	"1930"
266	2	12.5	"1930"
267	2	13.7	"1930"
268	2	13.3	"1930"
269	2	11.7	"1930"
270	2	12.71	"1930"
271	2	12.5	"1930"
272	2	13.5	"1930"
273	2	12	"1930"
274	2	13.4	"1930"
275	2	15.4	"1930"
276	2	12.4	"1930"
277	2	11.8	"1930"
278	2	13.1	"1930"
279	2	13.9	"1930"
280	2	13.3	"1930"
281	2	13.2	"1930"
282	2	11.9	"1930"
283	2	12.6	"1930"
284	2	11.5	"1930"
285	2	12.9	"1930"
286	2	13	"1930"
287	2	14.3	"1930"
288	2	12	"1930"
289	2	12.7	"1930"
290	2	12.3	"1930"
291	2	13.7	"1930"
292	2	13.9	"1930"
293	2	12.2	"1930"
294	2	11.7	"1930"
295	2	13.5	"1930"
296	2	12.9	"1930"
297	2	13.6	"1930"
298	2	14.2	"1930"
299	2	12.6	"1930"
300	2	11.7	"1930"
1	3	9.3	"1930"
2	3	9.8	"1930"
3	3	8.5	"1930"
4	3	7.5	"1930"
5	3	7.7	"1930"
6	3	6.9	"1930"
7	3	7.9	"1930"
8	3	8.5	"1930"
9	3	8	"1930"
10	3	8.1	"1930"
11	3	8.3	"1930"
12	3	9.2	"1930"
13	3	8.4	"1930"
14	3	8.6	"1930"
15	3	8.7	"1930"
16	3	8.5	"1930"
17	3	11.5	"1930"
18	3	11.7	"1930"
19	3	7.5	"1930"
20	3	10.5	"1930"
21	3	10.4	"1930"
22	3	7.3	"1930"
23	3	7.9	"1930"
24	3	10.3	"1930"
25	3	10.2	"1930"
26	3	9.5	"1930"
27	3	12.7	"1930"
28	3	12.1	"1930"
29	3	12.2	"1930"
30	3	10.2	"1930"
31	3	9.9	"1930"
32	3	12.3	"1930"
33	3	13.1	"1930"
34	3	14.1	"1930"
35	3	11.9	"1930"
36	3	11.2	"1930"
37	3	11.4	"1930"
38	3	12.8	"1930"
39	3	12.7	"1930"
40	3	10.1	"1930"
41	3	12.5	"1930"
42	3	12.2	"1930"
43	3	9.9	"1930"
44	3	11.2	"1930"
45	3	10.6	"1930"
46	3	12.5	"1930"
47	3	11.5	"1930"
48	3	9.7	"1930"
49	3	9.1	"1930"
50	3	12.6	"1930"
51	3	9.2	"1930"
52	3	10.6	"1930"
53	3	9.4	"1930"
54	3	12.8	"1930"
55	3	10.5	"1930"
56	3	11.3	"1930"
57	3	9.3	"1930"
58	3	12.1	"1930"
59	3	9.9	"1930"
60	3	11.4	"1930"
61	3	9.1	"1930"
62	3	10.5	"1930"
63	3	11.9	"1930"
64	3	12.5	"1930"
65	3	12.3	"1930"
66	3	9.5	"1930"
67	3	10.5	"1930"
68	3	11.9	"1930"
69	3	9.8	"1930"
70	3	9.5	"1930"
71	3	9.9	"1930"
72	3	14.3	"1930"
73	3	8.8	"1930"
74	3	9.2	"1930"
75	3	12.6	"1930"
76	3	11.1	"1930"
77	3	10.9	"1930"
78	3	10.5	"1930"
79	3	11.3	"1930"
80	3	10.7	"1930"
81	3	13.5	"1930"
82	3	11.1	"1930"
83	3	13.3	"1930"
84	3	14.7	"1930"
85	3	11.7	"1930"
86	3	13.2	"1930"
87	3	15.5	"1930"
88	3	12.1	"1930"
89	3	14.1	"1930"
90	3	12.2	"1930"
91	3	11.7	"1930"
92	3	9.7	"1930"
93	3	11.1	"1930"
94	3	10	"1930"
95	3	15.3	"1930"
96	3	14.9	"1930"
97	3	15	"1930"
98	3	15.3	"1930"
99	3	13.1	"1930"
100	3	14.9	"1930"
101	3	15.7	"1930"
102	3	14.3	"1930"
103	3	11.5	"1930"
104	3	10.3	"1930"
105	3	12.5	"1930"
106	3	15.5	"1930"
107	3	16.5	"1930"
108	3	17.4	"1930"
109	3	13.8	"1930"
110	3	12	"1930"
111	3	13.2	"1930"
112	3	17.2	"1930"
113	3	15.5	"1930"
114	3	12	"1930"
115	3	13.1	"1930"
116	3	15	"1930"
117	3	15.9	"1930"
118	3	12.7	"1930"
119	3	12.4	"1930"
120	3	11.5	"1930"
121	3	11.4	"1930"
122	3	12.6	"1930"
123	3	10.4	"1930"
124	3	10.4	"1930"
125	3	11.3	"1930"
126	3	13	"1930"
127	3	12.3	"1930"
128	3	10.5	"1930"
129	3	12.4	"1930"
130	3	10.9	"1930"
131	3	13	"1930"
132	3	15.4	"1930"
133	3	12.2	"1930"
134	3	12.5	"1930"
135	3	12.7	"1930"
136	3	15.7	"1930"
137	3	12.9	"1930"
138	3	14.1	"1930"
139	3	12.6	"1930"
140	3	13.1	"1930"
141	3	14.1	"1930"
142	3	10.9	"1930"
143	3	11	"1930"
144	3	9.1	"1930"
145	3	12.7	"1930"
146	3	14.5	"1930"
147	3	12.6	"1930"
148	3	12.3	"1930"
149	3	11.3	"1930"
150	3	10.7	"1930"
151	3	12.5	"1930"
152	3	10	"1930"
153	3	11.3	"1930"
154	3	12.3	"1930"
155	3	9.8	"1930"
156	3	8.5	"1930"
157	3	10.3	"1930"
158	3	10.6	"1930"
159	3	13.3	"1930"
160	3	10	"1930"
161	3	9.4	"1930"
162	3	10.5	"1930"
163	3	11.1	"1930"
164	3	12.7	"1930"
165	3	13.9	"1930"
166	3	13.4	"1930"
167	3	12.5	"1930"
168	3	10.4	"1930"
169	3	8.3	"1930"
170	3	13.3	"1930"
171	3	14.2	"1930"
172	3	14.4	"1930"
173	3	14.2	"1930"
174	3	15.3	"1930"
175	3	15.9	"1930"
176	3	14.2	"1930"
177	3	11.9	"1930"
178	3	14.5	"1930"
179	3	13.7	"1930"
180	3	13.3	"1930"
181	3	14	"1930"
182	3	13.4	"1930"
183	3	14.5	"1930"
184	3	13.7	"1930"
185	3	11.4	"1930"
186	3	13.8	"1930"
187	3	13.3	"1930"
188	3	13.3	"1930"
189	3	11.7	"1930"
190	3	12.3	"1930"
191	3	11	"1930"
192	3	9.5	"1930"
193	3	11.7	"1930"
194	3	14.5	"1930"
195	3	14.3	"1930"
196	3	11.8	"1930"
197	3	11.8	"1930"
198	3	12.7	"1930"
199	3	12.6	"1930"
200	3	14.4	"1930"
201	3	15.6	"1930"
202	3	12.3	"1930"
203	3	10.3	"1930"
204	3	12.9	"1930"
205	3	10.9	"1930"
206	3	12.9	"1930"
207	3	11.5	"1930"
208	3	13.1	"1930"
209	3	13.1	"1930"
210	3	13	"1930"
211	3	10.8	"1930"
212	3	12.2	"1930"
213	3	14.9	"1930"
214	3	11.6	"1930"
215	3	12.1	"1930"
216	3	11.7	"1930"
217	3	10.7	"1930"
218	3	10.7	"1930"
219	3	9.4	"1930"
220	3	11.3	"1930"
221	3	9	"1930"
222	3	12.4	"1930"
223	3	12.3	"1930"
224	3	12.6	"1930"
225	3	13.1	"1930"
226	3	11	"1930"
227	3	10.3	"1930"
228	3	13.8	"1930"
229	3	12.3	"1930"
230	3	11.1	"1930"
231	3	12.8	"1930"
232	3	11.4	"1930"
233	3	13.9	"1930"
234	3	11.8	"1930"
235	3	11.2	"1930"
236	3	10.2	"1930"
237	3	12.3	"1930"
238	3	7.7	"1930"
239	3	12.6	"1930"
240	3	10.3	"1930"
241	3	10.8	"1930"
242	3	11.5	"1930"
243	3	11.4	"1930"
244	3	9.1	"1930"
245	3	11.3	"1930"
246	3	10.4	"1930"
247	3	11.4	"1930"
248	3	13.9	"1930"
249	3	12.8	"1930"
250	3	13.4	"1930"
251	3	13.2	"1930"
252	3	14.7	"1930"
253	3	12.9	"1930"
254	3	15.1	"1930"
255	3	NA	"1930"
256	3	12.1	"1930"
257	3	11.7	"1930"
258	3	10.5	"1930"
259	3	12.2	"1930"
260	3	10.9	"1930"
261	3	10.3	"1930"
262	3	11.7	"1930"
263	3	12	"1930"
264	3	11.8	"1930"
265	3	11.5	"1930"
266	3	10.9	"1930"
267	3	11.7	"1930"
268	3	15	"1930"
269	3	13.7	"1930"
270	3	15.9	"1930"
271	3	12.9	"1930"
272	3	15.7	"1930"
273	3	12.8	"1930"
274	3	11.7	"1930"
275	3	10.4	"1930"
276	3	12.1	"1930"
277	3	10.7	"1930"
278	3	12.8	"1930"
279	3	9.3	"1930"
280	3	10.5	"1930"
281	3	10.9	"1930"
282	3	12.3	"1930"
283	3	11.7	"1930"
284	3	12.2	"1930"
285	3	12.4	"1930"
286	3	14.4	"1930"
287	3	15.1	"1930"
288	3	13	"1930"
289	3	9.8	"1930"
290	3	9.7	"1930"
291	3	9.5	"1930"
292	3	12.3	"1930"
293	3	14.2	"1930"
294	3	12.7	"1930"
295	3	10.3	"1930"
296	3	9.2	"1930"
297	3	11.5	"1930"
298	3	12.1	"1930"
299	3	12.5	"1930"
300	3	13.4	"1930"
1	4	9.2	"1930"
2	4	11	"1930"
3	4	10.7	"1930"
4	4	8.7	"1930"
5	4	7	"1930"
6	4	9.2	"1930"
7	4	8.8	"1930"
8	4	10.8	"1930"
9	4	8.6	"1930"
10	4	10.4	"1930"
11	4	8.7	"1930"
12	4	11.5	"1930"
13	4	11.4	"1930"
14	4	11.5	"1930"
15	4	10.5	"1930"
16	4	11.5	"1930"
17	4	9.8	"1930"
18	4	8.3	"1930"
19	4	9.5	"1930"
20	4	10.6	"1930"
21	4	11.3	"1930"
22	4	11.3	"1930"
23	4	12.4	"1930"
24	4	10.4	"1930"
25	4	10.8	"1930"
26	4	11.9	"1930"
27	4	11.5	"1930"
28	4	10.9	"1930"
29	4	12.5	"1930"
30	4	11	"1930"
31	4	12.4	"1930"
32	4	14.8	"1930"
33	4	14.2	"1930"
34	4	10.9	"1930"
35	4	11.9	"1930"
36	4	13.3	"1930"
37	4	10.9	"1930"
38	4	10.8	"1930"
39	4	9.9	"1930"
40	4	13.3	"1930"
41	4	13.3	"1930"
42	4	13.1	"1930"
43	4	14.2	"1930"
44	4	12.7	"1930"
45	4	13.4	"1930"
46	4	11.9	"1930"
47	4	13.9	"1930"
48	4	14.1	"1930"
49	4	13.4	"1930"
50	4	15.2	"1930"
51	4	12.7	"1930"
52	4	13.9	"1930"
53	4	12.2	"1930"
54	4	14.4	"1930"
55	4	12.6	"1930"
56	4	12.7	"1930"
57	4	15.9	"1930"
58	4	14.8	"1930"
59	4	14.3	"1930"
60	4	11.7	"1930"
61	4	11.7	"1930"
62	4	12.8	"1930"
63	4	9.6	"1930"
64	4	13.9	"1930"
65	4	12.5	"1930"
66	4	11.3	"1930"
67	4	12.4	"1930"
68	4	11.7	"1930"
69	4	12.2	"1930"
70	4	11.2	"1930"
71	4	11.3	"1930"
72	4	12.7	"1930"
73	4	15.2	"1930"
74	4	13.5	"1930"
75	4	13.7	"1930"
76	4	10.5	"1930"
77	4	10.6	"1930"
78	4	11.5	"1930"
79	4	12.4	"1930"
80	4	12.9	"1930"
81	4	11.9	"1930"
82	4	10.5	"1930"
83	4	12.9	"1930"
84	4	11.6	"1930"
85	4	10.2	"1930"
86	4	12.7	"1930"
87	4	14.8	"1930"
88	4	12.4	"1930"
89	4	12.4	"1930"
90	4	13.9	"1930"
91	4	11.9	"1930"
92	4	10.6	"1930"
93	4	14.1	"1930"
94	4	13.4	"1930"
95	4	4.3	"1930"
96	4	13.1	"1930"
97	4	11.3	"1930"
98	4	15.1	"1930"
99	4	12.4	"1930"
100	4	11.9	"1930"
101	4	13.2	"1930"
102	4	15.4	"1930"
103	4	13.3	"1930"
104	4	12	"1930"
105	4	9.5	"1930"
106	4	11.1	"1930"
107	4	10	"1930"
108	4	11.7	"1930"
109	4	12.9	"1930"
110	4	11.5	"1930"
111	4	12.3	"1930"
112	4	12.1	"1930"
113	4	11.4	"1930"
114	4	11	"1930"
115	4	13.9	"1930"
116	4	11.9	"1930"
117	4	12.4	"1930"
118	4	12.4	"1930"
119	4	10.4	"1930"
120	4	13.5	"1930"
121	4	9.1	"1930"
122	4	10.4	"1930"
123	4	11.5	"1930"
124	4	11.2	"1930"
125	4	12.3	"1930"
126	4	13.2	"1930"
127	4	13.9	"1930"
128	4	14.4	"1930"
129	4	10.4	"1930"
130	4	8.1	"1930"
131	4	12.6	"1930"
132	4	12.9	"1930"
133	4	12.4	"1930"
134	4	12.9	"1930"
135	4	13.4	"1930"
136	4	14.6	"1930"
137	4	14.1	"1930"
138	4	13.3	"1930"
139	4	11.7	"1930"
140	4	11.5	"1930"
141	4	11.5	"1930"
142	4	11.3	"1930"
143	4	12.1	"1930"
144	4	11.5	"1930"
145	4	11.4	"1930"
146	4	14.1	"1930"
147	4	13.6	"1930"
148	4	12.6	"1930"
149	4	14.5	"1930"
150	4	13.3	"1930"
151	4	10.5	"1930"
152	4	12.5	"1930"
153	4	13	"1930"
154	4	15.2	"1930"
155	4	13.7	"1930"
156	4	13.1	"1930"
157	4	14.8	"1930"
158	4	13.1	"1930"
159	4	12.9	"1930"
160	4	12.7	"1930"
161	4	14.3	"1930"
162	4	16.7	"1930"
163	4	15.5	"1930"
164	4	11.5	"1930"
165	4	13.4	"1930"
166	4	13.9	"1930"
167	4	13.2	"1930"
168	4	14.6	"1930"
169	4	13.3	"1930"
170	4	15.2	"1930"
171	4	13.9	"1930"
172	4	12.8	"1930"
173	4	10.2	"1930"
174	4	13.7	"1930"
175	4	13.7	"1930"
176	4	13	"1930"
177	4	10.8	"1930"
178	4	10.4	"1930"
179	4	13.1	"1930"
180	4	11.9	"1930"
181	4	12.9	"1930"
182	4	13.2	"1930"
183	4	15.1	"1930"
184	4	11.5	"1930"
185	4	11.1	"1930"
186	4	11.5	"1930"
187	4	13.7	"1930"
188	4	13.7	"1930"
189	4	13.9	"1930"
190	4	10.3	"1930"
191	4	10.5	"1930"
192	4	11.9	"1930"
193	4	13.1	"1930"
194	4	12.2	"1930"
195	4	12.9	"1930"
196	4	10.8	"1930"
197	4	13.1	"1930"
198	4	14.9	"1930"
199	4	13.5	"1930"
200	4	12.4	"1930"
201	4	11.4	"1930"
202	4	13.3	"1930"
203	4	13.4	"1930"
204	4	13.7	"1930"
205	4	11.5	"1930"
206	4	10.8	"1930"
207	4	12.9	"1930"
208	4	11.2	"1930"
209	4	12.4	"1930"
210	4	10.9	"1930"
211	4	10.4	"1930"
212	4	12.5	"1930"
213	4	11.3	"1930"
214	4	10.7	"1930"
215	4	13.1	"1930"
216	4	10.2	"1930"
217	4	10.3	"1930"
218	4	12.2	"1930"
219	4	12.3	"1930"
220	4	14.5	"1930"
221	4	11.5	"1930"
222	4	11.7	"1930"
223	4	13.4	"1930"
224	4	13.4	"1930"
225	4	10.5	"1930"
226	4	13.1	"1930"
227	4	10.9	"1930"
228	4	11.3	"1930"
229	4	11.8	"1930"
230	4	11.5	"1930"
231	4	10.9	"1930"
232	4	10	"1930"
233	4	12.2	"1930"
234	4	12.4	"1930"
235	4	12.4	"1930"
236	4	12	"1930"
237	4	12.9	"1930"
238	4	12	"1930"
239	4	10.7	"1930"
240	4	12.3	"1930"
241	4	10.4	"1930"
242	4	12.2	"1930"
243	4	14.1	"1930"
244	4	12	"1930"
245	4	12.1	"1930"
246	4	11	"1930"
247	4	10.8	"1930"
248	4	13	"1930"
249	4	11.1	"1930"
250	4	14.1	"1930"
251	4	11.3	"1930"
252	4	13.8	"1930"
253	4	10.8	"1930"
254	4	13.7	"1930"
255	4	NA	"1930"
256	4	11.7	"1930"
257	4	12.5	"1930"
258	4	11.1	"1930"
259	4	11.5	"1930"
260	4	12.6	"1930"
261	4	11.1	"1930"
262	4	9.9	"1930"
263	4	12.7	"1930"
264	4	11.5	"1930"
265	4	11.6	"1930"
266	4	13.2	"1930"
267	4	12	"1930"
268	4	11.7	"1930"
269	4	13.1	"1930"
270	4	12.2	"1930"
271	4	10.7	"1930"
272	4	11.8	"1930"
273	4	12.4	"1930"
274	4	11.8	"1930"
275	4	9.2	"1930"
276	4	12.3	"1930"
277	4	12.6	"1930"
278	4	12.8	"1930"
279	4	11.7	"1930"
280	4	12.1	"1930"
281	4	11.9	"1930"
282	4	12.3	"1930"
283	4	11.2	"1930"
284	4	11.5	"1930"
285	4	10.9	"1930"
286	4	10	"1930"
287	4	9.9	"1930"
288	4	11.4	"1930"
289	4	11.1	"1930"
290	4	10.6	"1930"
291	4	9.6	"1930"
292	4	10.4	"1930"
293	4	9.3	"1930"
294	4	10	"1930"
295	4	9.9	"1930"
296	4	9.9	"1930"
297	4	10	"1930"
298	4	9.1	"1930"
299	4	11.5	"1930"
300	4	12.9	"1930"
1	5	8	"1930"
2	5	8.9	"1930"
3	5	9.9	"1930"
4	5	7	"1930"
5	5	8.7	"1930"
6	5	8.2	"1930"
7	5	8.6	"1930"
8	5	3.8	"1930"
9	5	9.8	"1930"
10	5	7.8	"1930"
11	5	11.4	"1930"
12	5	7.9	"1930"
13	5	10.7	"1930"
14	5	7.6	"1930"
15	5	10.7	"1930"
16	5	8.2	"1930"
17	5	7.8	"1930"
18	5	9.1	"1930"
19	5	10.4	"1930"
20	5	9.3	"1930"
21	5	10.1	"1930"
22	5	9.3	"1930"
23	5	11.9	"1930"
24	5	10.3	"1930"
25	5	9.4	"1930"
26	5	7	"1930"
27	5	8.3	"1930"
28	5	11.1	"1930"
29	5	9.1	"1930"
30	5	8.5	"1930"
31	5	9.3	"1930"
32	5	12.1	"1930"
33	5	9.9	"1930"
34	5	8.4	"1930"
35	5	7.4	"1930"
36	5	7.2	"1930"
37	5	9.7	"1930"
38	5	10.1	"1930"
39	5	10.5	"1930"
40	5	13.3	"1930"
41	5	9.6	"1930"
42	5	12.5	"1930"
43	5	12.6	"1930"
44	5	9.3	"1930"
45	5	10.4	"1930"
46	5	9.2	"1930"
47	5	10	"1930"
48	5	10.4	"1930"
49	5	12	"1930"
50	5	10.4	"1930"
51	5	12.7	"1930"
52	5	10.7	"1930"
53	5	12.1	"1930"
54	5	12.7	"1930"
55	5	12.1	"1930"
56	5	10.7	"1930"
57	5	9	"1930"
58	5	13.7	"1930"
59	5	11	"1930"
60	5	14.1	"1930"
61	5	14.1	"1930"
62	5	13.8	"1930"
63	5	11.8	"1930"
64	5	11.3	"1930"
65	5	11.7	"1930"
66	5	10.7	"1930"
67	5	13.3	"1930"
68	5	13.9	"1930"
69	5	10.9	"1930"
70	5	11.8	"1930"
71	5	11.5	"1930"
72	5	14.1	"1930"
73	5	13.7	"1930"
74	5	13	"1930"
75	5	14.3	"1930"
76	5	11.9	"1930"
77	5	10.1	"1930"
78	5	11.7	"1930"
79	5	11.1	"1930"
80	5	14	"1930"
81	5	9.8	"1930"
82	5	13.9	"1930"
83	5	9.2	"1930"
84	5	10.7	"1930"
85	5	12.1	"1930"
86	5	11.4	"1930"
87	5	10	"1930"
88	5	11.9	"1930"
89	5	14.5	"1930"
90	5	13.9	"1930"
91	5	10	"1930"
92	5	10.3	"1930"
93	5	10	"1930"
94	5	9.9	"1930"
95	5	12.4	"1930"
96	5	13.8	"1930"
97	5	11.2	"1930"
98	5	11.5	"1930"
99	5	10.2	"1930"
100	5	12.3	"1930"
101	5	13.7	"1930"
102	5	11.1	"1930"
103	5	10.5	"1930"
104	5	13.9	"1930"
105	5	12.5	"1930"
106	5	13.3	"1930"
107	5	11.1	"1930"
108	5	11.5	"1930"
109	5	12.1	"1930"
110	5	12	"1930"
111	5	14.7	"1930"
112	5	13.4	"1930"
113	5	14.3	"1930"
114	5	13.4	"1930"
115	5	14.2	"1930"
116	5	10.3	"1930"
117	5	12.3	"1930"
118	5	10.4	"1930"
119	5	11.7	"1930"
120	5	12.8	"1930"
121	5	12.5	"1930"
122	5	10.5	"1930"
123	5	12.1	"1930"
124	5	12.3	"1930"
125	5	10.1	"1930"
126	5	11.5	"1930"
127	5	10.9	"1930"
128	5	13.4	"1930"
129	5	14.3	"1930"
130	5	12.7	"1930"
131	5	11.4	"1930"
132	5	10.7	"1930"
133	5	12.8	"1930"
134	5	12.7	"1930"
135	5	10.2	"1930"
136	5	12	"1930"
137	5	13.4	"1930"
138	5	12.5	"1930"
139	5	11.9	"1930"
140	5	11.4	"1930"
141	5	11.7	"1930"
142	5	11.5	"1930"
143	5	11.7	"1930"
144	5	10.3	"1930"
145	5	13.1	"1930"
146	5	10.4	"1930"
147	5	10.6	"1930"
148	5	9.2	"1930"
149	5	10.1	"1930"
150	5	9.7	"1930"
151	5	10.3	"1930"
152	5	9.5	"1930"
153	5	11.3	"1930"
154	5	12.1	"1930"
155	5	11.9	"1930"
156	5	12.2	"1930"
157	5	10.5	"1930"
158	5	9.3	"1930"
159	5	9.9	"1930"
160	5	10.4	"1930"
161	5	8.9	"1930"
162	5	8.1	"1930"
163	5	11.7	"1930"
164	5	10.5	"1930"
165	5	13	"1930"
166	5	11.3	"1930"
167	5	12.4	"1930"
168	5	13.7	"1930"
169	5	12.3	"1930"
170	5	11.7	"1930"
171	5	11.5	"1930"
172	5	12.3	"1930"
173	5	11.1	"1930"
174	5	10.3	"1930"
175	5	10.3	"1930"
176	5	9.4	"1930"
177	5	10.1	"1930"
178	5	9.2	"1930"
179	5	13.3	"1930"
180	5	13.7	"1930"
181	5	12.6	"1930"
182	5	12.3	"1930"
183	5	13.5	"1930"
184	5	10.9	"1930"
185	5	12.2	"1930"
186	5	11.5	"1930"
187	5	9.9	"1930"
188	5	10.7	"1930"
189	5	11	"1930"
190	5	11.9	"1930"
191	5	8	"1930"
192	5	10.3	"1930"
193	5	10.1	"1930"
194	5	10.9	"1930"
195	5	12.1	"1930"
196	5	12.1	"1930"
197	5	11.5	"1930"
198	5	11.7	"1930"
199	5	11.1	"1930"
200	5	10.4	"1930"
201	5	9.9	"1930"
202	5	12.9	"1930"
203	5	12.1	"1930"
204	5	11.4	"1930"
205	5	9.7	"1930"
206	5	9.9	"1930"
207	5	10.4	"1930"
208	5	10.6	"1930"
209	5	10.7	"1930"
210	5	9.4	"1930"
211	5	11.8	"1930"
212	5	9.4	"1930"
213	5	11.1	"1930"
214	5	11.1	"1930"
215	5	10.6	"1930"
216	5	10.5	"1930"
217	5	11.5	"1930"
218	5	13.9	"1930"
219	5	13.1	"1930"
220	5	10.4	"1930"
221	5	10.3	"1930"
222	5	13.5	"1930"
223	5	11.3	"1930"
224	5	9.9	"1930"
225	5	11.2	"1930"
226	5	10.4	"1930"
227	5	12.1	"1930"
228	5	11.6	"1930"
229	5	12.9	"1930"
230	5	11	"1930"
231	5	11.4	"1930"
232	5	12	"1930"
233	5	10.1	"1930"
234	5	11.2	"1930"
235	5	12.5	"1930"
236	5	10.2	"1930"
237	5	11.9	"1930"
238	5	10.9	"1930"
239	5	10.5	"1930"
240	5	13	"1930"
241	5	11	"1930"
242	5	11.4	"1930"
243	5	12.1	"1930"
244	5	10.9	"1930"
245	5	12.1	"1930"
246	5	9.9	"1930"
247	5	9.9	"1930"
248	5	11.6	"1930"
249	5	10.8	"1930"
250	5	11.7	"1930"
251	5	11.2	"1930"
252	5	10	"1930"
253	5	10.3	"1930"
254	5	12.2	"1930"
255	5	NA	"1930"
256	5	10.8	"1930"
257	5	11	"1930"
258	5	12.2	"1930"
259	5	11.5	"1930"
260	5	13.7	"1930"
261	5	12.1	"1930"
262	5	12.8	"1930"
263	5	13.1	"1930"
264	5	12.3	"1930"
265	5	11	"1930"
266	5	10.8	"1930"
267	5	9.3	"1930"
268	5	12	"1930"
269	5	11.1	"1930"
270	5	9.7	"1930"
271	5	9.5	"1930"
272	5	10.3	"1930"
273	5	9.2	"1930"
274	5	10	"1930"
275	5	12.3	"1930"
276	5	10.9	"1930"
277	5	9.1	"1930"
278	5	9.4	"1930"
279	5	11.3	"1930"
280	5	9.8	"1930"
281	5	14.1	"1930"
282	5	12	"1930"
283	5	11	"1930"
284	5	7.6	"1930"
285	5	11.7	"1930"
286	5	11.1	"1930"
287	5	8.7	"1930"
288	5	9.4	"1930"
289	5	10.1	"1930"
290	5	9.7	"1930"
291	5	11.9	"1930"
292	5	10	"1930"
293	5	9.5	"1930"
294	5	9.4	"1930"
295	5	9.1	"1930"
296	5	9.8	"1930"
297	5	9.1	"1930"
298	5	8.9	"1930"
299	5	9.2	"1930"
300	5	9.9	"1930"
