"row"	"col"	"yield"	"year"
1	1	389	1933
2	1	302	1933
3	1	261	1933
4	1	337	1933
5	1	314.5	1933
6	1	356	1933
7	1	384	1933
8	1	330	1933
9	1	338	1933
10	1	311.5	1933
11	1	346.5	1933
12	1	323	1933
13	1	351.5	1933
14	1	402.5	1933
15	1	346	1933
16	1	393.5	1933
17	1	320	1933
18	1	328	1933
19	1	336	1933
20	1	327	1933
21	1	352.5	1933
22	1	358	1933
23	1	357	1933
24	1	337.5	1933
25	1	312.5	1933
26	1	362	1933
27	1	290	1933
28	1	318	1933
29	1	315.5	1933
30	1	325	1933
31	1	354	1933
32	1	340	1933
33	1	355	1933
34	1	373	1933
35	1	314	1933
36	1	341	1933
37	1	295	1933
38	1	328	1933
39	1	295	1933
40	1	307	1933
41	1	339	1933
42	1	365	1933
43	1	360	1933
44	1	372	1933
45	1	304	1933
46	1	332	1933
47	1	317	1933
48	1	380	1933
49	1	366.5	1933
50	1	357.5	1933
51	1	325	1933
52	1	391	1933
53	1	313.5	1933
54	1	337	1933
55	1	326	1933
56	1	393	1933
57	1	395	1933
58	1	230	1933
59	1	363	1933
60	1	375	1933
61	1	347.5	1933
62	1	312	1933
63	1	277	1933
64	1	275.5	1933
65	1	378	1933
66	1	315	1933
67	1	329	1933
68	1	333	1933
69	1	356	1933
70	1	333	1933
71	1	321.5	1933
72	1	291.5	1933
73	1	315.5	1933
74	1	348.5	1933
75	1	318	1933
76	1	269.5	1933
77	1	276	1933
78	1	316.5	1933
79	1	337.5	1933
80	1	266.5	1933
81	1	312	1933
82	1	319	1933
83	1	400	1933
84	1	328.5	1933
85	1	325	1933
86	1	321	1933
87	1	315	1933
88	1	278	1933
89	1	309	1933
90	1	326	1933
91	1	314.5	1933
92	1	320	1933
93	1	336	1933
94	1	333	1933
95	1	345	1933
96	1	354	1933
97	1	345	1933
98	1	322.5	1933
99	1	293	1933
100	1	313.5	1933
101	1	291.5	1933
102	1	331	1933
103	1	351.5	1933
104	1	315	1933
105	1	276.5	1933
106	1	276	1933
107	1	280	1933
108	1	297.5	1933
109	1	279.5	1933
110	1	332.5	1933
111	1	212.5	1933
112	1	356	1933
113	1	330	1933
114	1	315	1933
115	1	300	1933
116	1	263	1933
117	1	310.5	1933
118	1	343.5	1933
119	1	256	1933
120	1	328	1933
121	1	270	1933
122	1	266.5	1933
123	1	231	1933
124	1	287.5	1933
125	1	294	1933
126	1	262.5	1933
127	1	307	1933
128	1	264.5	1933
129	1	319.5	1933
130	1	315	1933
131	1	280	1933
132	1	313.5	1933
133	1	291.5	1933
134	1	293.5	1933
135	1	339.5	1933
136	1	248.5	1933
1	2	382	1933
2	2	369	1933
3	2	328	1933
4	2	310	1933
5	2	341	1933
6	2	371	1933
7	2	353.5	1933
8	2	377.5	1933
9	2	362.5	1933
10	2	346	1933
11	2	335	1933
12	2	402.5	1933
13	2	314	1933
14	2	333.5	1933
15	2	364	1933
16	2	303.5	1933
17	2	387	1933
18	2	337.5	1933
19	2	368	1933
20	2	335	1933
21	2	322.5	1933
22	2	352.5	1933
23	2	330	1933
24	2	366.5	1933
25	2	339.5	1933
26	2	306	1933
27	2	412	1933
28	2	363.5	1933
29	2	353	1933
30	2	337	1933
31	2	360	1933
32	2	330.5	1933
33	2	370	1933
34	2	393	1933
35	2	353	1933
36	2	351	1933
37	2	362	1933
38	2	355	1933
39	2	324	1933
40	2	364	1933
41	2	340	1933
42	2	360	1933
43	2	363	1933
44	2	346.5	1933
45	2	369	1933
46	2	289	1933
47	2	285	1933
48	2	305	1933
49	2	350.5	1933
50	2	340	1933
51	2	338.5	1933
52	2	324	1933
53	2	315	1933
54	2	308	1933
55	2	305	1933
56	2	319.5	1933
57	2	294.5	1933
58	2	288	1933
59	2	330	1933
60	2	317	1933
61	2	358	1933
62	2	271	1933
63	2	327.5	1933
64	2	300	1933
65	2	345	1933
66	2	280	1933
67	2	327	1933
68	2	340	1933
69	2	323	1933
70	2	303	1933
71	2	337	1933
72	2	310	1933
73	2	320.5	1933
74	2	300	1933
75	2	286	1933
76	2	327	1933
77	2	365	1933
78	2	378	1933
79	2	362	1933
80	2	366	1933
81	2	374	1933
82	2	403.5	1933
83	2	308.5	1933
84	2	270	1933
85	2	288.5	1933
86	2	325	1933
87	2	280	1933
88	2	333	1933
89	2	286	1933
90	2	325	1933
91	2	288	1933
92	2	343.5	1933
93	2	315.5	1933
94	2	315	1933
95	2	347	1933
96	2	303	1933
97	2	262.5	1933
98	2	272	1933
99	2	261	1933
100	2	289.5	1933
101	2	265	1933
102	2	271	1933
103	2	290	1933
104	2	266.5	1933
105	2	232.5	1933
106	2	285	1933
107	2	252	1933
108	2	268.5	1933
109	2	285	1933
110	2	285	1933
111	2	242	1933
112	2	340	1933
113	2	292	1933
114	2	277	1933
115	2	280	1933
116	2	256.5	1933
117	2	228	1933
118	2	214	1933
119	2	236.5	1933
120	2	257	1933
121	2	216	1933
122	2	199	1933
123	2	207	1933
124	2	234.5	1933
125	2	261.5	1933
126	2	303	1933
127	2	279.5	1933
128	2	253.5	1933
129	2	262	1933
130	2	245.5	1933
131	2	236.5	1933
132	2	265	1933
133	2	197	1933
134	2	229	1933
135	2	225	1933
136	2	210	1933
1	3	360	1933
2	3	415.5	1933
3	3	306	1933
4	3	319.5	1933
5	3	342.5	1933
6	3	345	1933
7	3	368	1933
8	3	402	1933
9	3	340	1933
10	3	345.5	1933
11	3	389	1933
12	3	324.5	1933
13	3	375	1933
14	3	351	1933
15	3	377	1933
16	3	363	1933
17	3	402.5	1933
18	3	387.5	1933
19	3	302	1933
20	3	365	1933
21	3	344	1933
22	3	325	1933
23	3	343.5	1933
24	3	371	1933
25	3	348	1933
26	3	338	1933
27	3	357.5	1933
28	3	349.5	1933
29	3	398.5	1933
30	3	359	1933
31	3	387	1933
32	3	370	1933
33	3	393.5	1933
34	3	333.5	1933
35	3	388.5	1933
36	3	385	1933
37	3	387	1933
38	3	351	1933
39	3	364.5	1933
40	3	379	1933
41	3	301.5	1933
42	3	275.5	1933
43	3	348.5	1933
44	3	360	1933
45	3	261	1933
46	3	312.5	1933
47	3	348.5	1933
48	3	341.5	1933
49	3	332.5	1933
50	3	299	1933
51	3	349.5	1933
52	3	311.5	1933
53	3	286.5	1933
54	3	264	1933
55	3	301	1933
56	3	311.5	1933
57	3	359	1933
58	3	321	1933
59	3	371	1933
60	3	333	1933
61	3	356	1933
62	3	318	1933
63	3	326.5	1933
64	3	340	1933
65	3	340.5	1933
66	3	346	1933
67	3	315	1933
68	3	313.5	1933
69	3	413	1933
70	3	328.5	1933
71	3	339.5	1933
72	3	345	1933
73	3	340	1933
74	3	332.5	1933
75	3	292.5	1933
76	3	285	1933
77	3	388	1933
78	3	310	1933
79	3	334	1933
80	3	322.5	1933
81	3	361.5	1933
82	3	334	1933
83	3	284.5	1933
84	3	315.5	1933
85	3	332	1933
86	3	312	1933
87	3	305	1933
88	3	338	1933
89	3	341	1933
90	3	343.5	1933
91	3	330	1933
92	3	340	1933
93	3	313	1933
94	3	258	1933
95	3	342	1933
96	3	287.5	1933
97	3	293	1933
98	3	298.5	1933
99	3	206	1933
100	3	274.5	1933
101	3	242.5	1933
102	3	279	1933
103	3	309.5	1933
104	3	335	1933
105	3	285	1933
106	3	279.5	1933
107	3	243	1933
108	3	303	1933
109	3	324	1933
110	3	325	1933
111	3	315	1933
112	3	335	1933
113	3	314.5	1933
114	3	259.5	1933
115	3	310	1933
116	3	294	1933
117	3	215	1933
118	3	280	1933
119	3	260	1933
120	3	292.5	1933
121	3	306.5	1933
122	3	262	1933
123	3	294.5	1933
124	3	258.5	1933
125	3	295.5	1933
126	3	293	1933
127	3	304.5	1933
128	3	233	1933
129	3	259.5	1933
130	3	271	1933
131	3	293	1933
132	3	266	1933
133	3	230	1933
134	3	226	1933
135	3	216	1933
136	3	205.5	1933
1	4	306.5	1933
2	4	320	1933
3	4	239.5	1933
4	4	367.5	1933
5	4	322	1933
6	4	280	1933
7	4	303	1933
8	4	445.5	1933
9	4	356	1933
10	4	343.5	1933
11	4	321.5	1933
12	4	372	1933
13	4	420	1933
14	4	405.5	1933
15	4	333	1933
16	4	326	1933
17	4	342.5	1933
18	4	305	1933
19	4	400	1933
20	4	332	1933
21	4	330.5	1933
22	4	349	1933
23	4	319.5	1933
24	4	299.5	1933
25	4	324	1933
26	4	331	1933
27	4	305.5	1933
28	4	354.5	1933
29	4	348.5	1933
30	4	289	1933
31	4	338	1933
32	4	342	1933
33	4	319.5	1933
34	4	376	1933
35	4	378.5	1933
36	4	358	1933
37	4	363	1933
38	4	358	1933
39	4	351	1933
40	4	323	1933
41	4	326.5	1933
42	4	351	1933
43	4	357	1933
44	4	343	1933
45	4	360	1933
46	4	289.5	1933
47	4	343.5	1933
48	4	381	1933
49	4	365	1933
50	4	350	1933
51	4	361.5	1933
52	4	331	1933
53	4	331	1933
54	4	385	1933
55	4	310	1933
56	4	361	1933
57	4	342	1933
58	4	284	1933
59	4	298.5	1933
60	4	306	1933
61	4	307	1933
62	4	305	1933
63	4	330	1933
64	4	364	1933
65	4	364	1933
66	4	322	1933
67	4	347	1933
68	4	301.5	1933
69	4	422	1933
70	4	376	1933
71	4	297	1933
72	4	295	1933
73	4	333.5	1933
74	4	345	1933
75	4	317.5	1933
76	4	316.5	1933
77	4	308	1933
78	4	345	1933
79	4	342	1933
80	4	330.5	1933
81	4	425	1933
82	4	335.5	1933
83	4	357.5	1933
84	4	341	1933
85	4	374	1933
86	4	343	1933
87	4	308	1933
88	4	332	1933
89	4	328.5	1933
90	4	339	1933
91	4	306	1933
92	4	286	1933
93	4	313.5	1933
94	4	308	1933
95	4	328	1933
96	4	269	1933
97	4	322.5	1933
98	4	356	1933
99	4	295	1933
100	4	336.5	1933
101	4	321	1933
102	4	298.5	1933
103	4	340.5	1933
104	4	315.5	1933
105	4	285	1933
106	4	319.5	1933
107	4	328.5	1933
108	4	280.5	1933
109	4	343	1933
110	4	333.5	1933
111	4	255	1933
112	4	277.5	1933
113	4	342.5	1933
114	4	300	1933
115	4	288	1933
116	4	319	1933
117	4	308	1933
118	4	328.5	1933
119	4	294	1933
120	4	367.5	1933
121	4	325	1933
122	4	340.5	1933
123	4	343	1933
124	4	347	1933
125	4	277	1933
126	4	304.5	1933
127	4	285.5	1933
128	4	290	1933
129	4	306	1933
130	4	269	1933
131	4	250	1933
132	4	300	1933
133	4	298	1933
134	4	277	1933
135	4	304	1933
136	4	281	1933
1	5	264	1933
2	5	293	1933
3	5	305	1933
4	5	288	1933
5	5	265	1933
6	5	242.5	1933
7	5	322	1933
8	5	313.5	1933
9	5	376	1933
10	5	334.5	1933
11	5	357	1933
12	5	372.5	1933
13	5	392	1933
14	5	327.5	1933
15	5	326	1933
16	5	338.5	1933
17	5	320.5	1933
18	5	311	1933
19	5	325	1933
20	5	270	1933
21	5	242	1933
22	5	315	1933
23	5	315	1933
24	5	310.5	1933
25	5	309	1933
26	5	259.5	1933
27	5	312	1933
28	5	257	1933
29	5	286	1933
30	5	287.5	1933
31	5	350.5	1933
32	5	321.5	1933
33	5	317.5	1933
34	5	328.5	1933
35	5	364	1933
36	5	293	1933
37	5	315	1933
38	5	343.5	1933
39	5	322	1933
40	5	316	1933
41	5	394.5	1933
42	5	357	1933
43	5	336	1933
44	5	388.5	1933
45	5	359	1933
46	5	346	1933
47	5	372	1933
48	5	352	1933
49	5	330	1933
50	5	350	1933
51	5	319	1933
52	5	322.5	1933
53	5	350	1933
54	5	341.5	1933
55	5	242	1933
56	5	308	1933
57	5	339	1933
58	5	313.5	1933
59	5	304.5	1933
60	5	309.5	1933
61	5	295	1933
62	5	313	1933
63	5	158	1933
64	5	427	1933
65	5	315	1933
66	5	361	1933
67	5	354.5	1933
68	5	337	1933
69	5	353.5	1933
70	5	315	1933
71	5	335	1933
72	5	339	1933
73	5	337	1933
74	5	327.5	1933
75	5	270	1933
76	5	324.5	1933
77	5	307	1933
78	5	305	1933
79	5	323	1933
80	5	267	1933
81	5	383	1933
82	5	326	1933
83	5	355	1933
84	5	375	1933
85	5	325.5	1933
86	5	300	1933
87	5	343	1933
88	5	386	1933
89	5	385	1933
90	5	362	1933
91	5	356.5	1933
92	5	286	1933
93	5	328	1933
94	5	296.5	1933
95	5	359	1933
96	5	361	1933
97	5	325	1933
98	5	327	1933
99	5	271.5	1933
100	5	368.5	1933
101	5	317.5	1933
102	5	342	1933
103	5	273.5	1933
104	5	310	1933
105	5	330	1933
106	5	397.5	1933
107	5	395	1933
108	5	373.5	1933
109	5	357.5	1933
110	5	372	1933
111	5	318.5	1933
112	5	318	1933
113	5	296	1933
114	5	327.5	1933
115	5	331	1933
116	5	335.5	1933
117	5	322.5	1933
118	5	302	1933
119	5	337.5	1933
120	5	383	1933
121	5	323	1933
122	5	330	1933
123	5	312	1933
124	5	338	1933
125	5	312	1933
126	5	323.5	1933
127	5	310	1933
128	5	284	1933
129	5	264	1933
130	5	251	1933
131	5	228.5	1933
132	5	250	1933
133	5	225.5	1933
134	5	232	1933
135	5	220	1933
136	5	290	1933
1	6	321	1933
2	6	293	1933
3	6	295.5	1933
4	6	344	1933
5	6	331.5	1933
6	6	350.5	1933
7	6	363.5	1933
8	6	366.5	1933
9	6	380	1933
10	6	339	1933
11	6	353.5	1933
12	6	334	1933
13	6	374.5	1933
14	6	311.5	1933
15	6	366.5	1933
16	6	352.5	1933
17	6	299	1933
18	6	360.5	1933
19	6	354.5	1933
20	6	269	1933
21	6	361	1933
22	6	350	1933
23	6	305	1933
24	6	305	1933
25	6	283	1933
26	6	358.5	1933
27	6	367	1933
28	6	289	1933
29	6	350	1933
30	6	316.5	1933
31	6	281	1933
32	6	314.5	1933
33	6	290.5	1933
34	6	335.5	1933
35	6	310	1933
36	6	369.5	1933
37	6	319.5	1933
38	6	334	1933
39	6	316	1933
40	6	345	1933
41	6	361.5	1933
42	6	363	1933
43	6	366	1933
44	6	360.5	1933
45	6	260	1933
46	6	362	1933
47	6	304.5	1933
48	6	339	1933
49	6	326	1933
50	6	336	1933
51	6	343	1933
52	6	298	1933
53	6	311.5	1933
54	6	322.5	1933
55	6	305.5	1933
56	6	359	1933
57	6	354	1933
58	6	377.5	1933
59	6	323	1933
60	6	305	1933
61	6	282	1933
62	6	254	1933
63	6	267	1933
64	6	308	1933
65	6	322	1933
66	6	335	1933
67	6	378	1933
68	6	350	1933
69	6	368	1933
70	6	336	1933
71	6	377.5	1933
72	6	331	1933
73	6	357.5	1933
74	6	315.5	1933
75	6	307.5	1933
76	6	286	1933
77	6	348	1933
78	6	308.5	1933
79	6	305	1933
80	6	335	1933
81	6	340	1933
82	6	367	1933
83	6	354	1933
84	6	340	1933
85	6	349.5	1933
86	6	345	1933
87	6	333	1933
88	6	322	1933
89	6	369.5	1933
90	6	327.5	1933
91	6	331	1933
92	6	274.5	1933
93	6	295	1933
94	6	310	1933
95	6	312	1933
96	6	323.5	1933
97	6	314	1933
98	6	373	1933
99	6	330	1933
100	6	331.5	1933
101	6	367.5	1933
102	6	313.5	1933
103	6	315	1933
104	6	340	1933
105	6	316	1933
106	6	341.5	1933
107	6	330	1933
108	6	348.5	1933
109	6	330	1933
110	6	303.5	1933
111	6	287	1933
112	6	356	1933
113	6	350.5	1933
114	6	346.5	1933
115	6	411	1933
116	6	391	1933
117	6	335	1933
118	6	317	1933
119	6	342	1933
120	6	379	1933
121	6	328	1933
122	6	321	1933
123	6	339	1933
124	6	350	1933
125	6	329.5	1933
126	6	370	1933
127	6	350	1933
128	6	285	1933
129	6	315	1933
130	6	263.5	1933
131	6	274	1933
132	6	287.5	1933
133	6	280	1933
134	6	290	1933
135	6	297.5	1933
136	6	301	1933
1	7	354	1933
2	7	344	1933
3	7	303.5	1933
4	7	313.5	1933
5	7	416	1933
6	7	342.5	1933
7	7	372	1933
8	7	360.5	1933
9	7	392	1933
10	7	393.5	1933
11	7	333	1933
12	7	327	1933
13	7	337	1933
14	7	321.5	1933
15	7	392	1933
16	7	413	1933
17	7	306	1933
18	7	389.5	1933
19	7	341.5	1933
20	7	338	1933
21	7	371.5	1933
22	7	389	1933
23	7	347	1933
24	7	323.5	1933
25	7	339	1933
26	7	355.5	1933
27	7	334	1933
28	7	314	1933
29	7	332	1933
30	7	339	1933
31	7	368	1933
32	7	339.5	1933
33	7	348.5	1933
34	7	385	1933
35	7	331.5	1933
36	7	327.5	1933
37	7	320	1933
38	7	327.5	1933
39	7	336	1933
40	7	331	1933
41	7	402	1933
42	7	328	1933
43	7	279.5	1933
44	7	407	1933
45	7	295.5	1933
46	7	317	1933
47	7	321	1933
48	7	410	1933
49	7	350	1933
50	7	316	1933
51	7	318	1933
52	7	250	1933
53	7	272	1933
54	7	334	1933
55	7	321.5	1933
56	7	342.5	1933
57	7	410	1933
58	7	293	1933
59	7	374	1933
60	7	330.5	1933
61	7	283	1933
62	7	325	1933
63	7	295	1933
64	7	365	1933
65	7	342	1933
66	7	316	1933
67	7	349	1933
68	7	338	1933
69	7	342	1933
70	7	359	1933
71	7	356	1933
72	7	344	1933
73	7	301	1933
74	7	340	1933
75	7	317.5	1933
76	7	355	1933
77	7	362	1933
78	7	318.5	1933
79	7	350	1933
80	7	335	1933
81	7	370	1933
82	7	401	1933
83	7	320	1933
84	7	370	1933
85	7	338	1933
86	7	306.5	1933
87	7	332.5	1933
88	7	340	1933
89	7	370	1933
90	7	321.5	1933
91	7	305	1933
92	7	290	1933
93	7	320	1933
94	7	315.5	1933
95	7	332	1933
96	7	342	1933
97	7	370.5	1933
98	7	375.5	1933
99	7	358	1933
100	7	333.5	1933
101	7	333.5	1933
102	7	371.5	1933
103	7	310	1933
104	7	319.5	1933
105	7	352	1933
106	7	324	1933
107	7	245	1933
108	7	284.5	1933
109	7	290	1933
110	7	258.5	1933
111	7	268	1933
112	7	311.5	1933
113	7	300	1933
114	7	276	1933
115	7	307.5	1933
116	7	265.5	1933
117	7	304.5	1933
118	7	305	1933
119	7	306.5	1933
120	7	295.5	1933
121	7	304.5	1933
122	7	330	1933
123	7	262.5	1933
124	7	280	1933
125	7	300.5	1933
126	7	273.5	1933
127	7	255.5	1933
128	7	302	1933
129	7	316	1933
130	7	297.5	1933
131	7	291	1933
132	7	310	1933
133	7	233	1933
134	7	261	1933
135	7	303	1933
136	7	239.5	1933
1	8	360.5	1933
2	8	376.5	1933
3	8	334	1933
4	8	330	1933
5	8	335	1933
6	8	389	1933
7	8	363.5	1933
8	8	334.5	1933
9	8	407	1933
10	8	396.5	1933
11	8	315.5	1933
12	8	305.5	1933
13	8	308.5	1933
14	8	332	1933
15	8	339.5	1933
16	8	413	1933
17	8	357	1933
18	8	359.5	1933
19	8	376	1933
20	8	350	1933
21	8	355.5	1933
22	8	370	1933
23	8	355	1933
24	8	359	1933
25	8	308	1933
26	8	340	1933
27	8	365	1933
28	8	347	1933
29	8	290	1933
30	8	345	1933
31	8	348	1933
32	8	370	1933
33	8	330	1933
34	8	355	1933
35	8	330	1933
36	8	341.5	1933
37	8	322	1933
38	8	338	1933
39	8	305	1933
40	8	335	1933
41	8	369.5	1933
42	8	380	1933
43	8	352	1933
44	8	327	1933
45	8	382	1933
46	8	380	1933
47	8	347.5	1933
48	8	380	1933
49	8	347.5	1933
50	8	330.5	1933
51	8	385	1933
52	8	357	1933
53	8	333.5	1933
54	8	299	1933
55	8	312.5	1933
56	8	365.5	1933
57	8	378.5	1933
58	8	333.5	1933
59	8	354	1933
60	8	382.5	1933
61	8	342	1933
62	8	311	1933
63	8	320	1933
64	8	371	1933
65	8	347	1933
66	8	335	1933
67	8	350.5	1933
68	8	338.5	1933
69	8	314.5	1933
70	8	384.5	1933
71	8	349	1933
72	8	311.5	1933
73	8	365	1933
74	8	345	1933
75	8	318.5	1933
76	8	315	1933
77	8	356.5	1933
78	8	333.5	1933
79	8	372	1933
80	8	309.5	1933
81	8	425	1933
82	8	367	1933
83	8	341	1933
84	8	356	1933
85	8	295	1933
86	8	326	1933
87	8	316	1933
88	8	317.5	1933
89	8	313.5	1933
90	8	316.5	1933
91	8	272.5	1933
92	8	285	1933
93	8	312.5	1933
94	8	327.5	1933
95	8	321	1933
96	8	360	1933
97	8	356.5	1933
98	8	351	1933
99	8	343	1933
100	8	294.5	1933
101	8	301	1933
102	8	283.5	1933
103	8	329.5	1933
104	8	324.5	1933
105	8	320	1933
106	8	253	1933
107	8	275	1933
108	8	278	1933
109	8	293	1933
110	8	290	1933
111	8	336	1933
112	8	306.5	1933
113	8	335.5	1933
114	8	362	1933
115	8	332	1933
116	8	392.5	1933
117	8	311	1933
118	8	345.5	1933
119	8	297	1933
120	8	343.5	1933
121	8	306.5	1933
122	8	312	1933
123	8	229	1933
124	8	250	1933
125	8	267	1933
126	8	250	1933
127	8	288.5	1933
128	8	258.5	1933
129	8	264.5	1933
130	8	276	1933
131	8	295.5	1933
132	8	303	1933
133	8	374	1933
134	8	307.5	1933
135	8	290	1933
136	8	285	1933
1	1	280.5	1934
2	1	282	1934
3	1	251	1934
4	1	301	1934
5	1	288	1934
6	1	310	1934
7	1	263.5	1934
8	1	272.5	1934
9	1	296	1934
10	1	264.5	1934
11	1	281	1934
12	1	320	1934
13	1	271	1934
14	1	281	1934
15	1	284	1934
16	1	301	1934
17	1	294.5	1934
18	1	311.5	1934
19	1	325	1934
20	1	310	1934
21	1	297	1934
22	1	301	1934
23	1	335	1934
24	1	314.5	1934
25	1	341.5	1934
26	1	305	1934
27	1	337	1934
28	1	338	1934
29	1	311	1934
30	1	270	1934
31	1	280	1934
32	1	308	1934
33	1	304	1934
34	1	315	1934
35	1	315.5	1934
36	1	342.5	1934
37	1	293	1934
38	1	303	1934
39	1	307	1934
40	1	342	1934
41	1	320	1934
42	1	282	1934
43	1	304	1934
44	1	326	1934
45	1	269	1934
46	1	255	1934
47	1	288	1934
48	1	284.5	1934
49	1	304.5	1934
50	1	295.5	1934
51	1	303	1934
52	1	304	1934
53	1	264	1934
54	1	309	1934
55	1	297	1934
56	1	296	1934
57	1	319	1934
58	1	310	1934
59	1	294	1934
60	1	295	1934
61	1	296	1934
62	1	293	1934
63	1	292	1934
64	1	347	1934
65	1	262	1934
66	1	323.5	1934
67	1	291	1934
68	1	306.5	1934
69	1	353	1934
70	1	280	1934
71	1	296	1934
72	1	302	1934
73	1	314	1934
74	1	336	1934
75	1	320	1934
76	1	296	1934
77	1	324.5	1934
78	1	302.5	1934
79	1	314.5	1934
80	1	290	1934
81	1	360	1934
82	1	352	1934
83	1	345	1934
84	1	347	1934
85	1	327	1934
86	1	286.5	1934
87	1	293	1934
88	1	250	1934
89	1	221	1934
90	1	185	1934
91	1	155.5	1934
92	1	250.5	1934
93	1	205	1934
94	1	257	1934
95	1	211	1934
96	1	176	1934
97	1	175.5	1934
98	1	214.5	1934
99	1	186	1934
100	1	188.5	1934
101	1	181.5	1934
102	1	191	1934
103	1	191.5	1934
104	1	188.5	1934
105	1	194.5	1934
106	1	233.5	1934
107	1	203.5	1934
108	1	232.5	1934
109	1	203.5	1934
110	1	202	1934
111	1	206	1934
112	1	192.5	1934
113	1	226.5	1934
114	1	174.5	1934
115	1	201.5	1934
116	1	216	1934
117	1	182.5	1934
118	1	212.5	1934
119	1	204	1934
120	1	244	1934
121	1	222	1934
1	2	281	1934
2	2	286	1934
3	2	255	1934
4	2	288	1934
5	2	255.5	1934
6	2	273.5	1934
7	2	251	1934
8	2	284	1934
9	2	266.5	1934
10	2	323.5	1934
11	2	281	1934
12	2	283	1934
13	2	308.5	1934
14	2	292	1934
15	2	263	1934
16	2	281.5	1934
17	2	278	1934
18	2	298.5	1934
19	2	267	1934
20	2	283	1934
21	2	296	1934
22	2	274	1934
23	2	272	1934
24	2	293	1934
25	2	278	1934
26	2	297	1934
27	2	315	1934
28	2	293	1934
29	2	306	1934
30	2	338	1934
31	2	324	1934
32	2	306	1934
33	2	299	1934
34	2	303	1934
35	2	339	1934
36	2	356	1934
37	2	335	1934
38	2	325	1934
39	2	325	1934
40	2	340	1934
41	2	305	1934
42	2	255	1934
43	2	311	1934
44	2	329	1934
45	2	257	1934
46	2	300	1934
47	2	287	1934
48	2	281	1934
49	2	308	1934
50	2	286	1934
51	2	292	1934
52	2	258	1934
53	2	302	1934
54	2	274.5	1934
55	2	303	1934
56	2	294.5	1934
57	2	295.5	1934
58	2	270	1934
59	2	310	1934
60	2	278	1934
61	2	304.5	1934
62	2	315	1934
63	2	296	1934
64	2	312.5	1934
65	2	298.5	1934
66	2	354.5	1934
67	2	279	1934
68	2	294	1934
69	2	298	1934
70	2	262.5	1934
71	2	294	1934
72	2	333	1934
73	2	332.5	1934
74	2	404.5	1934
75	2	371.5	1934
76	2	333	1934
77	2	311	1934
78	2	336	1934
79	2	317.5	1934
80	2	366.5	1934
81	2	313.5	1934
82	2	371	1934
83	2	342.5	1934
84	2	404	1934
85	2	367	1934
86	2	361	1934
87	2	320	1934
88	2	277	1934
89	2	232.5	1934
90	2	245	1934
91	2	205	1934
92	2	200	1934
93	2	220.5	1934
94	2	232.5	1934
95	2	210.5	1934
96	2	186	1934
97	2	183	1934
98	2	188	1934
99	2	160	1934
100	2	164	1934
101	2	165.5	1934
102	2	186	1934
103	2	182	1934
104	2	189.5	1934
105	2	204	1934
106	2	222.5	1934
107	2	210	1934
108	2	236	1934
109	2	216.5	1934
110	2	222	1934
111	2	198.5	1934
112	2	219	1934
113	2	270.5	1934
114	2	210	1934
115	2	212	1934
116	2	262.5	1934
117	2	231.5	1934
118	2	259.5	1934
119	2	255	1934
120	2	222.5	1934
121	2	255.5	1934
1	3	313	1934
2	3	332.5	1934
3	3	305	1934
4	3	286	1934
5	3	303	1934
6	3	259	1934
7	3	272.5	1934
8	3	294.5	1934
9	3	291	1934
10	3	271.6	1934
11	3	286	1934
12	3	251	1934
13	3	272	1934
14	3	248.5	1934
15	3	275	1934
16	3	270	1934
17	3	280.5	1934
18	3	319	1934
19	3	288	1934
20	3	283.5	1934
21	3	285.5	1934
22	3	291.5	1934
23	3	302	1934
24	3	292	1934
25	3	307	1934
26	3	304	1934
27	3	317	1934
28	3	289	1934
29	3	325	1934
30	3	338	1934
31	3	311	1934
32	3	363	1934
33	3	331	1934
34	3	306	1934
35	3	335.5	1934
36	3	316.5	1934
37	3	343	1934
38	3	354	1934
39	3	338.5	1934
40	3	317	1934
41	3	316	1934
42	3	262	1934
43	3	314.5	1934
44	3	333	1934
45	3	295.5	1934
46	3	325	1934
47	3	261	1934
48	3	272	1934
49	3	303.5	1934
50	3	325	1934
51	3	295	1934
52	3	316	1934
53	3	273	1934
54	3	306.5	1934
55	3	328.5	1934
56	3	329.5	1934
57	3	311	1934
58	3	325	1934
59	3	283	1934
60	3	280	1934
61	3	329.5	1934
62	3	288.5	1934
63	3	276	1934
64	3	276.5	1934
65	3	262	1934
66	3	266.5	1934
67	3	287	1934
68	3	324.5	1934
69	3	287	1934
70	3	278	1934
71	3	304	1934
72	3	269.5	1934
73	3	284	1934
74	3	350.5	1934
75	3	334	1934
76	3	381.5	1934
77	3	355.5	1934
78	3	284	1934
79	3	261	1934
80	3	262	1934
81	3	310.5	1934
82	3	304	1934
83	3	309	1934
84	3	263	1934
85	3	292	1934
86	3	332	1934
87	3	306.5	1934
88	3	308.5	1934
89	3	277.5	1934
90	3	306	1934
91	3	243	1934
92	3	243.5	1934
93	3	276.5	1934
94	3	275.5	1934
95	3	267	1934
96	3	262	1934
97	3	220.5	1934
98	3	239	1934
99	3	214	1934
100	3	206.5	1934
101	3	223.5	1934
102	3	207	1934
103	3	221	1934
104	3	211.5	1934
105	3	201	1934
106	3	191	1934
107	3	219	1934
108	3	186	1934
109	3	215	1934
110	3	206	1934
111	3	189	1934
112	3	218	1934
113	3	231	1934
114	3	246.5	1934
115	3	195	1934
116	3	225.5	1934
117	3	227.5	1934
118	3	219	1934
119	3	245	1934
120	3	239	1934
121	3	271.5	1934
1	4	290	1934
2	4	265	1934
3	4	299	1934
4	4	252.5	1934
5	4	277	1934
6	4	248	1934
7	4	273	1934
8	4	310	1934
9	4	301	1934
10	4	285	1934
11	4	298	1934
12	4	261	1934
13	4	299	1934
14	4	315	1934
15	4	310	1934
16	4	330	1934
17	4	319	1934
18	4	306	1934
19	4	314	1934
20	4	318	1934
21	4	301	1934
22	4	303.5	1934
23	4	290	1934
24	4	318.5	1934
25	4	277	1934
26	4	302.5	1934
27	4	294	1934
28	4	271.5	1934
29	4	278	1934
30	4	261	1934
31	4	279	1934
32	4	261	1934
33	4	280	1934
34	4	304	1934
35	4	311	1934
36	4	296.5	1934
37	4	304	1934
38	4	289	1934
39	4	305	1934
40	4	306	1934
41	4	253.5	1934
42	4	277	1934
43	4	279	1934
44	4	306.5	1934
45	4	312	1934
46	4	256	1934
47	4	244	1934
48	4	258.5	1934
49	4	263	1934
50	4	267	1934
51	4	231.5	1934
52	4	225	1934
53	4	228	1934
54	4	235	1934
55	4	276	1934
56	4	237.5	1934
57	4	256	1934
58	4	262.5	1934
59	4	283.5	1934
60	4	300	1934
61	4	294.5	1934
62	4	316	1934
63	4	313	1934
64	4	285	1934
65	4	300	1934
66	4	309.5	1934
67	4	253	1934
68	4	344	1934
69	4	365.5	1934
70	4	378.5	1934
71	4	316.5	1934
72	4	354	1934
73	4	356.5	1934
74	4	350	1934
75	4	383	1934
76	4	351	1934
77	4	316.5	1934
78	4	279	1934
79	4	323	1934
80	4	359	1934
81	4	380	1934
82	4	380	1934
83	4	347	1934
84	4	299	1934
85	4	376	1934
86	4	369	1934
87	4	299.5	1934
88	4	241	1934
89	4	317.5	1934
90	4	280	1934
91	4	261	1934
92	4	271	1934
93	4	282.5	1934
94	4	255.5	1934
95	4	279	1934
96	4	285	1934
97	4	272	1934
98	4	254.5	1934
99	4	269	1934
100	4	251.5	1934
101	4	301	1934
102	4	259	1934
103	4	230	1934
104	4	249	1934
105	4	234	1934
106	4	236	1934
107	4	236.5	1934
108	4	210.5	1934
109	4	228.5	1934
110	4	255.5	1934
111	4	258.5	1934
112	4	343	1934
113	4	327.5	1934
114	4	343	1934
115	4	310.5	1934
116	4	274	1934
117	4	312	1934
118	4	244	1934
119	4	272.5	1934
120	4	259.5	1934
121	4	311	1934
1	5	290	1934
2	5	282.5	1934
3	5	234.5	1934
4	5	243	1934
5	5	226.5	1934
6	5	212	1934
7	5	240	1934
8	5	261	1934
9	5	319	1934
10	5	275	1934
11	5	276	1934
12	5	241.5	1934
13	5	283	1934
14	5	230	1934
15	5	278.5	1934
16	5	250	1934
17	5	254	1934
18	5	271	1934
19	5	246.5	1934
20	5	268	1934
21	5	280	1934
22	5	270	1934
23	5	260.5	1934
24	5	259.5	1934
25	5	244.5	1934
26	5	265.5	1934
27	5	253	1934
28	5	239	1934
29	5	252	1934
30	5	199.5	1934
31	5	243	1934
32	5	270	1934
33	5	249.5	1934
34	5	246.5	1934
35	5	275	1934
36	5	269	1934
37	5	256.5	1934
38	5	290.5	1934
39	5	285.5	1934
40	5	265	1934
41	5	293	1934
42	5	224.5	1934
43	5	254.5	1934
44	5	266	1934
45	5	273	1934
46	5	244.5	1934
47	5	255.5	1934
48	5	244	1934
49	5	259.5	1934
50	5	254	1934
51	5	277.5	1934
52	5	261.5	1934
53	5	250	1934
54	5	242	1934
55	5	232	1934
56	5	225.5	1934
57	5	234	1934
58	5	245.5	1934
59	5	236.5	1934
60	5	267	1934
61	5	250	1934
62	5	271	1934
63	5	245	1934
64	5	230	1934
65	5	255	1934
66	5	289	1934
67	5	281.5	1934
68	5	291	1934
69	5	304.5	1934
70	5	339.5	1934
71	5	299.5	1934
72	5	328	1934
73	5	311	1934
74	5	306.5	1934
75	5	325.5	1934
76	5	272	1934
77	5	296	1934
78	5	298	1934
79	5	296.5	1934
80	5	330	1934
81	5	262.5	1934
82	5	310	1934
83	5	341.5	1934
84	5	296	1934
85	5	357.5	1934
86	5	327	1934
87	5	332.5	1934
88	5	247.5	1934
89	5	296	1934
90	5	278	1934
91	5	240	1934
92	5	269.5	1934
93	5	286.5	1934
94	5	291.5	1934
95	5	289.5	1934
96	5	273.5	1934
97	5	257	1934
98	5	273	1934
99	5	263	1934
100	5	250	1934
101	5	230	1934
102	5	257	1934
103	5	230	1934
104	5	266.5	1934
105	5	227	1934
106	5	235	1934
107	5	266	1934
108	5	235	1934
109	5	266.5	1934
110	5	227.5	1934
111	5	258.5	1934
112	5	241	1934
113	5	252	1934
114	5	289.5	1934
115	5	361	1934
116	5	407	1934
117	5	315	1934
118	5	317	1934
119	5	266.5	1934
120	5	211.5	1934
121	5	243	1934
1	6	264	1934
2	6	251	1934
3	6	230	1934
4	6	207	1934
5	6	225	1934
6	6	207	1934
7	6	261	1934
8	6	235	1934
9	6	247.5	1934
10	6	214	1934
11	6	258	1934
12	6	220.5	1934
13	6	239.5	1934
14	6	229	1934
15	6	208	1934
16	6	249	1934
17	6	208	1934
18	6	259	1934
19	6	226	1934
20	6	224	1934
21	6	242	1934
22	6	257.5	1934
23	6	218.5	1934
24	6	239	1934
25	6	207	1934
26	6	224	1934
27	6	231.5	1934
28	6	188.5	1934
29	6	232	1934
30	6	213.5	1934
31	6	221.5	1934
32	6	231	1934
33	6	253.5	1934
34	6	264	1934
35	6	305	1934
36	6	279	1934
37	6	270	1934
38	6	275	1934
39	6	277.5	1934
40	6	269.5	1934
41	6	265.5	1934
42	6	295	1934
43	6	291	1934
44	6	275	1934
45	6	246	1934
46	6	265	1934
47	6	225.5	1934
48	6	247.5	1934
49	6	281	1934
50	6	253.5	1934
51	6	268	1934
52	6	270.5	1934
53	6	252	1934
54	6	255	1934
55	6	257	1934
56	6	238	1934
57	6	249	1934
58	6	252.5	1934
59	6	239	1934
60	6	254.5	1934
61	6	233	1934
62	6	241	1934
63	6	300	1934
64	6	289	1934
65	6	275.5	1934
66	6	299	1934
67	6	198	1934
68	6	240	1934
69	6	267	1934
70	6	278	1934
71	6	212	1934
72	6	303	1934
73	6	286.5	1934
74	6	307.5	1934
75	6	285	1934
76	6	291	1934
77	6	328	1934
78	6	327	1934
79	6	289.5	1934
80	6	365	1934
81	6	360.5	1934
82	6	387	1934
83	6	354	1934
84	6	291.5	1934
85	6	405	1934
86	6	348	1934
87	6	294	1934
88	6	303.5	1934
89	6	327.5	1934
90	6	279.5	1934
91	6	307	1934
92	6	274	1934
93	6	290	1934
94	6	297	1934
95	6	282.5	1934
96	6	278.5	1934
97	6	255.5	1934
98	6	235.5	1934
99	6	269.5	1934
100	6	268	1934
101	6	282.5	1934
102	6	292.5	1934
103	6	273	1934
104	6	276	1934
105	6	281	1934
106	6	262.5	1934
107	6	264	1934
108	6	300	1934
109	6	312	1934
110	6	324.5	1934
111	6	275.5	1934
112	6	283.5	1934
113	6	283	1934
114	6	276	1934
115	6	313	1934
116	6	303.5	1934
117	6	322	1934
118	6	273	1934
119	6	211	1934
120	6	212.5	1934
121	6	244	1934
1	7	202	1934
2	7	232	1934
3	7	224	1934
4	7	211.5	1934
5	7	218.5	1934
6	7	216	1934
7	7	233	1934
8	7	231	1934
9	7	232.5	1934
10	7	193	1934
11	7	234.5	1934
12	7	211	1934
13	7	222	1934
14	7	181	1934
15	7	204	1934
16	7	215.5	1934
17	7	206.5	1934
18	7	202.5	1934
19	7	191.5	1934
20	7	202	1934
21	7	214	1934
22	7	262	1934
23	7	195	1934
24	7	215.5	1934
25	7	208	1934
26	7	188.5	1934
27	7	223.5	1934
28	7	197.5	1934
29	7	204.5	1934
30	7	197.5	1934
31	7	214	1934
32	7	217	1934
33	7	248	1934
34	7	235	1934
35	7	268	1934
36	7	283	1934
37	7	295	1934
38	7	263	1934
39	7	299	1934
40	7	269.5	1934
41	7	280	1934
42	7	280	1934
43	7	249	1934
44	7	265	1934
45	7	248	1934
46	7	217	1934
47	7	206.5	1934
48	7	224.5	1934
49	7	247	1934
50	7	238	1934
51	7	235	1934
52	7	238	1934
53	7	222	1934
54	7	225	1934
55	7	266.5	1934
56	7	242	1934
57	7	261	1934
58	7	238.5	1934
59	7	241	1934
60	7	242	1934
61	7	221	1934
62	7	237.5	1934
63	7	267.5	1934
64	7	255.5	1934
65	7	256	1934
66	7	246	1934
67	7	214	1934
68	7	255.5	1934
69	7	276	1934
70	7	262.5	1934
71	7	265	1934
72	7	247.5	1934
73	7	227.5	1934
74	7	226.5	1934
75	7	256.5	1934
76	7	260.5	1934
77	7	259	1934
78	7	243	1934
79	7	239	1934
80	7	257	1934
81	7	253.5	1934
82	7	277	1934
83	7	288.5	1934
84	7	292	1934
85	7	288.5	1934
86	7	308	1934
87	7	269	1934
88	7	233	1934
89	7	279	1934
90	7	247	1934
91	7	227	1934
92	7	218	1934
93	7	226	1934
94	7	247	1934
95	7	258.5	1934
96	7	234.5	1934
97	7	226	1934
98	7	227	1934
99	7	213	1934
100	7	258	1934
101	7	245	1934
102	7	262.5	1934
103	7	256.5	1934
104	7	243	1934
105	7	224	1934
106	7	234.5	1934
107	7	271	1934
108	7	225	1934
109	7	251	1934
110	7	212.5	1934
111	7	216	1934
112	7	249.5	1934
113	7	277	1934
114	7	204	1934
115	7	231.5	1934
116	7	208.5	1934
117	7	219	1934
118	7	223.5	1934
119	7	240	1934
120	7	237.5	1934
121	7	244.5	1934
1	8	260	1934
2	8	243	1934
3	8	243	1934
4	8	211	1934
5	8	243	1934
6	8	216	1934
7	8	230	1934
8	8	233.5	1934
9	8	243.5	1934
10	8	252	1934
11	8	265	1934
12	8	222.5	1934
13	8	285	1934
14	8	215.5	1934
15	8	227	1934
16	8	274	1934
17	8	208	1934
18	8	215.5	1934
19	8	222	1934
20	8	233.5	1934
21	8	211	1934
22	8	246	1934
23	8	200.5	1934
24	8	249.5	1934
25	8	274	1934
26	8	280	1934
27	8	283	1934
28	8	250	1934
29	8	262	1934
30	8	226	1934
31	8	278	1934
32	8	273	1934
33	8	294	1934
34	8	260	1934
35	8	283	1934
36	8	269	1934
37	8	292	1934
38	8	287	1934
39	8	337	1934
40	8	293	1934
41	8	329	1934
42	8	262	1934
43	8	286.5	1934
44	8	257	1934
45	8	266	1934
46	8	244.5	1934
47	8	248	1934
48	8	299	1934
49	8	280	1934
50	8	260	1934
51	8	272	1934
52	8	283.5	1934
53	8	295	1934
54	8	256	1934
55	8	248	1934
56	8	240	1934
57	8	241	1934
58	8	260	1934
59	8	231	1934
60	8	241	1934
61	8	239.5	1934
62	8	292	1934
63	8	300.5	1934
64	8	264	1934
65	8	237	1934
66	8	277	1934
67	8	281	1934
68	8	267	1934
69	8	289	1934
70	8	335	1934
71	8	276	1934
72	8	280	1934
73	8	269	1934
74	8	251	1934
75	8	256	1934
76	8	227	1934
77	8	312.5	1934
78	8	241	1934
79	8	222	1934
80	8	249	1934
81	8	228	1934
82	8	254	1934
83	8	260.5	1934
84	8	287	1934
85	8	304	1934
86	8	317.5	1934
87	8	274.5	1934
88	8	286	1934
89	8	297.5	1934
90	8	282	1934
91	8	274.5	1934
92	8	291	1934
93	8	261.5	1934
94	8	297.5	1934
95	8	254	1934
96	8	255	1934
97	8	225	1934
98	8	248.5	1934
99	8	268.5	1934
100	8	262	1934
101	8	235	1934
102	8	208	1934
103	8	243	1934
104	8	301.5	1934
105	8	287	1934
106	8	295	1934
107	8	298.5	1934
108	8	266	1934
109	8	322.5	1934
110	8	247	1934
111	8	264.5	1934
112	8	260	1934
113	8	285	1934
114	8	270.5	1934
115	8	301.5	1934
116	8	234.5	1934
117	8	279	1934
118	8	265.5	1934
119	8	271.5	1934
120	8	255.5	1934
121	8	319	1934
