"row"	"col"	"yield"
1	1	1.68
2	1	2.68
3	1	2.85
4	1	2.32
5	1	2.86
6	1	2.62
7	1	2.15
8	1	1.5
9	1	2.38
10	1	2.34
11	1	1.93
12	1	1.86
13	1	2.08
14	1	1.82
15	1	2.07
16	1	2.14
17	1	2.58
18	1	1.84
19	1	1.89
20	1	1.67
21	1	1.64
22	1	1
23	1	1.88
24	1	1.99
25	1	0.9
26	1	1.55
27	1	1.82
28	1	1.54
29	1	1.64
30	1	1.88
31	1	1.62
32	1	2.66
33	1	2.37
34	1	2.1
35	1	1.73
36	1	2.2
1	2	1.85
2	2	2.43
3	2	3.23
4	2	2.49
5	2	2.5
6	2	2.46
7	2	1.78
8	2	2.02
9	2	2.26
10	2	1.85
11	2	2.7
12	2	2.39
13	2	2.4
14	2	1.9
15	2	1.52
16	2	2.45
17	2	2.23
18	2	2.02
19	2	2.66
20	2	2.23
21	2	1.58
22	2	1.55
23	2	1.56
24	2	1.6
25	2	1.12
26	2	1.56
27	2	1.86
28	2	1.64
29	2	1.3
30	2	2.3
31	2	2.34
32	2	2.38
33	2	2.54
34	2	2.6
35	2	2.4
36	2	2.62
1	3	1.48
2	3	2.43
3	3	2.76
4	3	2.71
5	3	2.54
6	3	3
7	3	2.7
8	3	1.62
9	3	2.66
10	3	2.27
11	3	1.91
12	3	1.41
13	3	1.36
14	3	1.87
15	3	1.5
16	3	3.06
17	3	2.17
18	3	2.56
19	3	1.72
20	3	2.05
21	3	2.01
22	3	1.83
23	3	2.25
24	3	1.7
25	3	1.54
26	3	1.67
27	3	1.48
28	3	1.51
29	3	1.87
30	3	1.06
31	3	1.94
32	3	2.58
33	3	2.5
34	3	2.03
35	3	1.71
36	3	2.71
1	4	1.65
2	4	2.81
3	4	2.99
4	4	3.17
5	4	2.75
6	4	2.83
7	4	2.79
8	4	2.52
9	4	1.99
10	4	2.45
11	4	1.93
12	4	2.56
13	4	2.98
14	4	1.95
15	4	2.23
16	4	2.71
17	4	2.39
18	4	2.98
19	4	2.62
20	4	2.9
21	4	1.89
22	4	1.99
23	4	1.7
24	4	2.26
25	4	1.46
26	4	2.03
27	4	1.89
28	4	1.88
29	4	1.37
30	4	1.87
31	4	2.21
32	4	1.94
33	4	2.13
34	4	2.62
35	4	2.29
36	4	2.11
1	5	2.45
2	5	2.51
3	5	2.23
4	5	1.95
5	5	2.56
6	5	2.65
7	5	2.75
8	5	2.73
9	5	1.41
10	5	2.72
11	5	1.63
12	5	1.55
13	5	1.67
14	5	2.28
15	5	1.77
16	5	2.32
17	5	2.37
18	5	2.37
19	5	2.19
20	5	1.82
21	5	2
22	5	1.66
23	5	2.03
24	5	1.49
25	5	1.45
26	5	1.76
27	5	1.75
28	5	1.7
29	5	1.94
30	5	1.54
31	5	2.25
32	5	1.86
33	5	2.88
34	5	1.72
35	5	2.42
36	5	2.18
1	6	1.74
2	6	2.84
3	6	2.9
4	6	2.66
5	6	2.94
6	6	2.24
7	6	2.74
8	6	2.39
9	6	2.23
10	6	2.35
11	6	2.45
12	6	2.19
13	6	2.36
14	6	2.49
15	6	2.05
16	6	2.7
17	6	2.65
18	6	2.4
19	6	2.69
20	6	2.29
21	6	1.66
22	6	1.84
23	6	1.97
24	6	1.96
25	6	1.7
26	6	1.8
27	6	2.1
28	6	1.7
29	6	1.87
30	6	1.92
31	6	1.62
32	6	2.3
33	6	2.41
34	6	2.27
35	6	2.27
36	6	2.25
1	7	1.78
2	7	3
3	7	2.74
4	7	2.05
5	7	2.4
6	7	3.02
7	7	2.92
8	7	2.36
9	7	2.26
10	7	2.2
11	7	2.39
12	7	1.75
13	7	2.62
14	7	1.94
15	7	2.26
16	7	2.34
17	7	2.27
18	7	2.14
19	7	2.35
20	7	2.39
21	7	2.23
22	7	1.95
23	7	1.8
24	7	1.4
25	7	1.76
26	7	1.56
27	7	1.1
28	7	1.76
29	7	1.15
30	7	1.44
31	7	2.78
32	7	2.81
33	7	2.41
34	7	2.38
35	7	2.7
36	7	1.41
1	8	2.23
2	8	1.98
3	8	2.3
4	8	2.2
5	8	2.37
6	8	2.03
7	8	1.57
8	8	2.03
9	8	2.26
10	8	2.23
11	8	2
12	8	2.31
13	8	2.56
14	8	1.77
15	8	1.39
16	8	2.44
17	8	2.77
18	8	2.54
19	8	2.22
20	8	2.27
21	8	2
22	8	1.44
23	8	1.74
24	8	1.58
25	8	1.09
26	8	1.76
27	8	1.8
28	8	1.82
29	8	1.57
30	8	2.15
31	8	2.18
32	8	2
33	8	2.01
34	8	2.1
35	8	2.64
36	8	2.21
1	9	2.94
2	9	2.79
3	9	2.56
4	9	2.55
5	9	2.99
6	9	3.32
7	9	2.53
8	9	1.63
9	9	2.18
10	9	2.39
11	9	2.24
12	9	1.31
13	9	2.35
14	9	2.35
15	9	1.94
16	9	2.05
17	9	2.35
18	9	2.25
19	9	1.52
20	9	2.55
21	9	1.79
22	9	1.53
23	9	1.96
24	9	1.85
25	9	1.33
26	9	1.15
27	9	1.6
28	9	1.71
29	9	1.49
30	9	2.06
31	9	1.96
32	9	1.42
33	9	2.53
34	9	1.9
35	9	2.18
36	9	1.79
1	10	1.27
2	10	2.55
3	10	2.84
4	10	2.4
5	10	2.58
6	10	1.55
7	10	1.47
8	10	1.75
9	10	1.38
10	10	1.99
11	10	1.84
12	10	1.83
13	10	2.05
14	10	2.1
15	10	2.02
16	10	2.42
17	10	2.15
18	10	1.6
19	10	1.09
20	10	1.37
21	10	1.1
22	10	1.2
23	10	1.61
24	10	1.49
25	10	0.85
26	10	1.11
27	10	1.81
28	10	1.72
29	10	1.07
30	10	1.7
31	10	1.93
32	10	1.34
33	10	1.94
34	10	2.25
35	10	2.83
36	10	2.49
1	11	1.57
2	11	2.03
3	11	2.85
4	11	1.65
5	11	1.98
6	11	2.39
7	11	2.62
8	11	1.66
9	11	1.85
10	11	1.87
11	11	1.87
12	11	2.11
13	11	2.49
14	11	1.51
15	11	1.13
16	11	2.23
17	11	2.56
18	11	1.7
19	11	1.73
20	11	1.41
21	11	2
22	11	1.59
23	11	1.37
24	11	1.2
25	11	1.72
26	11	1.62
27	11	2.06
28	11	1.92
29	11	1.49
30	11	2.24
31	11	2.02
32	11	1.89
33	11	1.67
34	11	1.84
35	11	1.77
36	11	2.1
1	12	1
2	12	2.31
3	12	2.34
4	12	2.35
5	12	2.1
6	12	1.74
7	12	1.73
8	12	1.62
9	12	1.7
10	12	1.6
11	12	1.5
12	12	1.75
13	12	2.15
14	12	1.85
15	12	1.31
16	12	2.46
17	12	2.47
18	12	2.27
19	12	2.11
20	12	1.56
21	12	1.58
22	12	1.58
23	12	1.67
24	12	1.65
25	12	0.85
26	12	1.15
27	12	1.86
28	12	1.99
29	12	1.62
30	12	1.55
31	12	1.8
32	12	1.4
33	12	2.21
34	12	1.81
35	12	2.71
36	12	1.03
1	13	1.7
2	13	1.57
3	13	1.65
4	13	1.3
5	13	2.15
6	13	2.17
7	13	2.16
8	13	2.22
9	13	2.15
10	13	2.45
11	13	1.47
12	13	1.75
13	13	1.72
14	13	1.65
15	13	1.47
16	13	2.33
17	13	2.09
18	13	2.23
19	13	1.57
20	13	2.39
21	13	1.8
22	13	1.43
23	13	1.38
24	13	1.07
25	13	1.51
26	13	1.25
27	13	1.51
28	13	1.6
29	13	1.17
30	13	2.26
31	13	1.81
32	13	1.9
33	13	1.76
34	13	1.91
35	13	2.41
36	13	1.69
1	14	1.7
2	14	2.21
3	14	2.17
4	14	1.38
5	14	2.07
6	14	1.95
7	14	3.15
8	14	2.37
9	14	1.99
10	14	2.09
11	14	2.03
12	14	1.7
13	14	1.7
14	14	1.97
15	14	2.05
16	14	2.63
17	14	2.58
18	14	2.39
19	14	1.84
20	14	2.68
21	14	1.45
22	14	1.51
23	14	1.49
24	14	1.59
25	14	1.42
26	14	1.8
27	14	1.93
28	14	1.53
29	14	1.02
30	14	1.6
31	14	1.65
32	14	1.76
33	14	2
34	14	1.77
35	14	2.05
36	14	1.86
1	15	1
2	15	1.8
3	15	2.25
4	15	1.51
5	15	1.85
6	15	2.34
7	15	2.05
8	15	1.7
9	15	2.25
10	15	2.4
11	15	1.27
12	15	2.36
13	15	1.85
14	15	1.93
15	15	1.65
16	15	1.56
17	15	1.7
18	15	1.41
19	15	1.81
20	15	1.51
21	15	1.52
22	15	1.65
23	15	1.6
24	15	1.65
25	15	1.6
26	15	1.38
27	15	1.85
28	15	1.94
29	15	1.2
30	15	1.23
31	15	1.97
32	15	1.98
33	15	1.92
34	15	2.21
35	15	2.64
36	15	2.01
1	16	1.39
2	16	1.75
3	16	2.95
4	16	1.6
5	16	2.42
6	16	2.77
7	16	2.16
8	16	1.82
9	16	2.13
10	16	2.1
11	16	2.15
12	16	1.92
13	16	2.18
14	16	1.73
15	16	2.14
16	16	2.14
17	16	1.96
18	16	1.8
19	16	2.62
20	16	2.26
21	16	1.22
22	16	0.88
23	16	1.95
24	16	2.1
25	16	1.37
26	16	1.78
27	16	1.56
28	16	1.08
29	16	1.28
30	16	1.7
31	16	1.74
32	16	1.47
33	16	1.98
34	16	1.84
35	16	2.22
36	16	1.91
1	17	1.71
2	17	1.93
3	17	2.58
4	17	1.32
5	17	2.58
6	17	2.12
7	17	1.92
8	17	2.22
9	17	2.12
10	17	1.82
11	17	1.85
12	17	1.94
13	17	2.1
14	17	1.5
15	17	2.26
16	17	2.32
17	17	1.92
18	17	2.08
19	17	1.96
20	17	2.14
21	17	2.76
22	17	1.39
23	17	1.86
24	17	1.55
25	17	1.35
26	17	1.65
27	17	2
28	17	1.58
29	17	0.91
30	17	1.82
31	17	1.61
32	17	2.22
33	17	2.33
34	17	2.09
35	17	1.96
36	17	2.09
1	18	1.9
2	18	1.78
3	18	2.14
4	18	2.25
5	18	2.82
6	18	2.68
7	18	2.52
8	18	1.86
9	18	2.1
10	18	2.07
11	18	1.9
12	18	2.1
13	18	1.95
14	18	1.82
15	18	1.7
16	18	2.46
17	18	2.11
18	18	1.9
19	18	2.11
20	18	1.72
21	18	1.48
22	18	1.5
23	18	2.23
24	18	1.51
25	18	1.16
26	18	1.87
27	18	1.76
28	18	1.69
29	18	1.54
30	18	1.94
31	18	2.28
32	18	2.35
33	18	2.3
34	18	1.96
35	18	2.11
36	18	1.9
1	19	2
2	19	1.94
3	19	2.43
4	19	2.23
5	19	2.32
6	19	2.98
7	19	1.82
8	19	2.58
9	19	2.3
10	19	1.92
11	19	2.03
12	19	2.09
13	19	2.07
14	19	1.44
15	19	2.01
16	19	1.38
17	19	1.79
18	19	1.77
19	19	1.65
20	19	1.4
21	19	1.94
22	19	1.6
23	19	1.88
24	19	1.54
25	19	1.25
26	19	1.65
27	19	1.98
28	19	1.88
29	19	1.39
30	19	1.55
31	19	2.08
32	19	2.09
33	19	2.34
34	19	2.05
35	19	2.26
36	19	1.63
1	20	2.56
2	20	2.12
3	20	2.07
4	20	1.7
5	20	3.29
6	20	2.75
7	20	2.15
8	20	1.64
9	20	1.82
10	20	1.75
11	20	2.22
12	20	1.94
13	20	2.05
14	20	2.41
15	20	1.92
16	20	2.38
17	20	1.77
18	20	1.63
19	20	1.52
20	20	1.32
21	20	1.2
22	20	1.38
23	20	1.91
24	20	1.7
25	20	1.51
26	20	2.01
27	20	1.58
28	20	1.49
29	20	1.86
30	20	2.08
31	20	2.33
32	20	1.6
33	20	2.89
34	20	2.49
35	20	2.24
36	20	2.13
1	21	2.41
2	21	2.95
3	21	2.33
4	21	1.88
5	21	2.56
6	21	2.61
7	21	1.4
8	21	1.5
9	21	1.9
10	21	1.77
11	21	1.6
12	21	2.1
13	21	1.7
14	21	1.64
15	21	1.89
16	21	2.1
17	21	2.06
18	21	1.48
19	21	1.5
20	21	1.44
21	21	1.4
22	21	1.58
23	21	1.76
24	21	1.42
25	21	1.48
26	21	1.4
27	21	1.5
28	21	1.99
29	21	1.5
30	21	2
31	21	1.89
32	21	2.05
33	21	1.73
34	21	2.18
35	21	1.66
36	21	1.29
1	22	2.96
2	22	2.38
3	22	2.85
4	22	2.26
5	22	2.22
6	22	2.62
7	22	1.85
8	22	1.9
9	22	1.84
10	22	1.75
11	22	1.93
12	22	1.98
13	22	2.01
14	22	2.16
15	22	1.72
16	22	2.08
17	22	2.07
18	22	1.29
19	22	1.4
20	22	1.79
21	22	1.47
22	22	1.53
23	22	1.81
24	22	1.71
25	22	1.24
26	22	1.88
27	22	1.86
28	22	2.03
29	22	1.32
30	22	1.76
31	22	1.86
32	22	1.67
33	22	1.63
34	22	1.12
35	22	1.76
36	22	1.2
1	23	2.42
2	23	3.06
3	23	2.99
4	23	2.08
5	23	1.51
6	23	2.61
7	23	1.85
8	23	1.76
9	23	1.94
10	23	1.84
11	23	1.58
12	23	1.54
13	23	2.25
14	23	1.94
15	23	2.09
16	23	2.01
17	23	1.68
18	23	1.05
19	23	1.49
20	23	1.78
21	23	1.35
22	23	1.6
23	23	1.77
24	23	1.65
25	23	1.08
26	23	1.58
27	23	1.33
28	23	1.25
29	23	1.46
30	23	1.7
31	23	2.1
32	23	1.5
33	23	1.81
34	23	1.7
35	23	1.98
36	23	1.23
1	24	2.43
2	24	2.82
3	24	3.18
4	24	2.22
5	24	2.29
6	24	2.33
7	24	1.47
8	24	1.85
9	24	1.93
10	24	1.76
11	24	1.72
12	24	1.78
13	24	2.08
14	24	1.84
15	24	1.92
16	24	1.74
17	24	1.83
18	24	1.76
19	24	2.01
20	24	1.88
21	24	1.43
22	24	1.25
23	24	1.74
24	24	1.8
25	24	1.04
26	24	1.31
27	24	1.74
28	24	1.76
29	24	1.34
30	24	1.65
31	24	2.06
32	24	2.14
33	24	1.5
34	24	2.32
35	24	2.02
36	24	0.81
1	25	2.47
2	25	2.62
3	25	2.57
4	25	2.05
5	25	2.05
6	25	2.49
7	25	1.5
8	25	1.51
9	25	1.8
10	25	1.67
11	25	1.66
12	25	1.59
13	25	2.11
14	25	2.19
15	25	2.35
16	25	1.82
17	25	1.99
18	25	1.53
19	25	1.21
20	25	2.18
21	25	1.58
22	25	1.19
23	25	1.5
24	25	1.3
25	25	1.3
26	25	1.4
27	25	1.45
28	25	1.55
29	25	1.35
30	25	1.63
31	25	1.58
32	25	1.96
33	25	1.69
34	25	1.76
35	25	1.45
36	25	0.75
1	26	2.32
2	26	2.54
3	26	3
4	26	1.62
5	26	2.21
6	26	2.45
7	26	1.7
8	26	1.32
9	26	1.89
10	26	2.25
11	26	1.65
12	26	1.79
13	26	1.77
14	26	1.98
15	26	1.61
16	26	2.54
17	26	2.48
18	26	1.76
19	26	1.54
20	26	1.56
21	26	1.08
22	26	1.13
23	26	1.4
24	26	1.14
25	26	1.06
26	26	1.4
27	26	1.74
28	26	1.7
29	26	1.29
30	26	1.94
31	26	2.06
32	26	2.46
33	26	1.49
34	26	1.74
35	26	1.68
36	26	1.5
1	27	2.76
2	27	2.9
3	27	2.86
4	27	2.24
5	27	2.08
6	27	2.68
7	27	1.49
8	27	1.86
9	27	2.2
10	27	1.92
11	27	2.26
12	27	2.02
13	27	2.48
14	27	2.14
15	27	1.54
16	27	1.75
17	27	2.06
18	27	1.64
19	27	1.33
20	27	1.83
21	27	2.16
22	27	1.18
23	27	1.62
24	27	1.45
25	27	1.46
26	27	1.33
27	27	1.73
28	27	1.47
29	27	1.38
30	27	1.63
31	27	1.98
32	27	2.25
33	27	1.79
34	27	1.43
35	27	1.25
36	27	1.26
1	28	2.82
2	28	3.05
3	28	2.86
4	28	2.1
5	28	1.84
6	28	2.74
7	28	1.94
8	28	2.12
9	28	1.96
10	28	2.74
11	28	1.92
12	28	2.1
13	28	2.39
14	28	2.21
15	28	1.48
16	28	2.06
17	28	1.85
18	28	1.45
19	28	1.85
20	28	1.87
21	28	1.14
22	28	1.38
23	28	1.7
24	28	1.4
25	28	1.4
26	28	1.18
27	28	1.85
28	28	1.9
29	28	1.37
30	28	2.06
31	28	1.95
32	28	2.02
33	28	1.85
34	28	1.78
35	28	1.42
36	28	1.18
1	29	2.54
2	29	2.68
3	29	2.58
4	29	2.09
5	29	2.48
6	29	2.25
7	29	2.63
8	29	2.54
9	29	2.4
10	29	1.62
11	29	2.1
12	29	1.71
13	29	1.97
14	29	1.87
15	29	1.52
16	29	1.74
17	29	1.62
18	29	1.03
19	29	1.41
20	29	1.51
21	29	1.41
22	29	1.14
23	29	1.44
24	29	1.5
25	29	1.24
26	29	1.18
27	29	1.63
28	29	1.95
29	29	0.88
30	29	1.3
31	29	1.84
32	29	1.86
33	29	1.63
34	29	1.71
35	29	1.3
36	29	0.74
1	30	2.77
2	30	2.79
3	30	2.75
4	30	2.07
5	30	2.41
6	30	2.52
7	30	1.8
8	30	1.6
9	30	1.88
10	30	1.9
11	30	2.15
12	30	2.08
13	30	1.7
14	30	1.81
15	30	2.13
16	30	2.15
17	30	1.61
18	30	1.62
19	30	0.75
20	30	1.9
21	30	1.34
22	30	1
23	30	1.32
24	30	1.34
25	30	1.1
26	30	1.38
27	30	1.12
28	30	1.35
29	30	0.82
30	30	0.9
31	30	0.96
32	30	1.9
33	30	2
34	30	1.37
35	30	1.45
36	30	1.14
1	31	2.3
2	31	2.63
3	31	2.73
4	31	2.91
5	31	2.21
6	31	2.5
7	31	2.46
8	31	2.82
9	31	2.34
10	31	1.7
11	31	2.4
12	31	1.37
13	31	2.32
14	31	2.09
15	31	2.52
16	31	2.12
17	31	1.61
18	31	2.76
19	31	1.3
20	31	1.3
21	31	1.4
22	31	1.12
23	31	1.34
24	31	1.68
25	31	1.34
26	31	1.54
27	31	1.62
28	31	1.58
29	31	1.24
30	31	1.19
31	31	1.54
32	31	1.59
33	31	1.96
34	31	1.42
35	31	1.86
36	31	0.6
1	32	2.26
2	32	2.84
3	32	2.46
4	32	2.74
5	32	2.1
6	32	1.94
7	32	1.9
8	32	1.82
9	32	2
10	32	2.19
11	32	1.34
12	32	1.85
13	32	2.12
14	32	2.21
15	32	1.78
16	32	2.25
17	32	1.92
18	32	2.32
19	32	0.92
20	32	1.34
21	32	0.98
22	32	1.21
23	32	1.38
24	32	1.7
25	32	1.35
26	32	1
27	32	1.42
28	32	1.44
29	32	1.05
30	32	1.51
31	32	1.39
32	32	1.47
33	32	1.32
34	32	1.4
35	32	1.48
36	32	1.26
1	33	3.37
2	33	2.8
3	33	3.04
4	33	1.58
5	33	2.86
6	33	3.06
7	33	2.22
8	33	2.04
9	33	2.74
10	33	1.9
11	33	1.7
12	33	1.54
13	33	2.04
14	33	2.2
15	33	1.32
16	33	1.7
17	33	1.86
18	33	1.66
19	33	1.1
20	33	1.6
21	33	1.6
22	33	1.32
23	33	1.64
24	33	1.36
25	33	0.96
26	33	1.35
27	33	1.59
28	33	1.53
29	33	1.14
30	33	1.06
31	33	1.2
32	33	1.69
33	33	1.6
34	33	1.7
35	33	1.65
36	33	0.76
1	34	2.58
2	34	3.2
3	34	3.43
4	34	2.55
5	34	2.67
6	34	2.43
7	34	1.47
8	34	2.08
9	34	1.94
10	34	1.66
11	34	1.7
12	34	1.76
13	34	2.36
14	34	2
15	34	2.32
16	34	2.22
17	34	1.7
18	34	1.51
19	34	1.54
20	34	2.01
21	34	0.72
22	34	0.72
23	34	1.08
24	34	1.31
25	34	1.18
26	34	1.15
27	34	1.18
28	34	1.32
29	34	1.08
30	34	1.18
31	34	1.75
32	34	1.93
33	34	1.32
34	34	1.35
35	34	1.64
36	34	1.1
1	35	2.2
2	35	2.89
3	35	2.44
4	35	1.9
5	35	2.82
6	35	1.86
7	35	1.31
8	35	1.68
9	35	2.26
10	35	2.02
11	35	1.61
12	35	1.73
13	35	2.37
14	35	2.27
15	35	2.3
16	35	2.34
17	35	2.22
18	35	1.58
19	35	0.91
20	35	1.46
21	35	1.58
22	35	1.04
23	35	1.67
24	35	1.26
25	35	1.46
26	35	1.26
27	35	1.38
28	35	1.12
29	35	1.19
30	35	1.04
31	35	0.91
32	35	1.26
33	35	1.25
34	35	1.06
35	35	1.57
36	35	1.06
1	36	2.63
2	36	3.06
3	36	2.7
4	36	2.61
5	36	2.25
6	36	2.6
7	36	1.66
8	36	1.2
9	36	2.03
10	36	1.83
11	36	1.85
12	36	2.45
13	36	1.85
14	36	2.08
15	36	2.38
16	36	2.3
17	36	2
18	36	1.14
19	36	1.27
20	36	1.47
21	36	1.31
22	36	1.08
23	36	1.3
24	36	1.49
25	36	0.88
26	36	1.43
27	36	1.71
28	36	1.67
29	36	1.13
30	36	1.28
31	36	1.49
32	36	1.5
33	36	1.05
34	36	1.13
35	36	1.47
36	36	1.21
