"expt"	"row"	"col"	"yield"
"E1"	1	1	4.3
"E1"	2	1	3.7
"E1"	3	1	3.4
"E1"	4	1	4
"E1"	5	1	4.9
"E1"	6	1	4
"E1"	7	1	3.7
"E1"	8	1	3.8
"E1"	9	1	3.7
"E1"	10	1	4.6
"E1"	11	1	4.4
"E1"	12	1	3.9
"E1"	13	1	4.5
"E1"	14	1	3.8
"E1"	15	1	3.7
"E1"	16	1	4.4
"E1"	17	1	3.9
"E1"	18	1	3.1
"E1"	19	1	4.9
"E1"	20	1	4
"E1"	21	1	5
"E1"	22	1	5.1
"E1"	23	1	3.5
"E1"	24	1	3.9
"E1"	25	1	2.7
"E1"	26	1	4.5
"E1"	27	1	6
"E1"	28	1	5.2
"E1"	29	1	5.8
"E1"	30	1	5.2
"E1"	31	1	4.6
"E1"	32	1	3.5
"E1"	33	1	3.9
"E1"	34	1	4.9
"E1"	35	1	4.5
"E1"	36	1	5.5
"E1"	1	2	1.9
"E1"	2	2	4.1
"E1"	3	2	4.4
"E1"	4	2	5.2
"E1"	5	2	4.3
"E1"	6	2	4.7
"E1"	7	2	3.8
"E1"	8	2	3.5
"E1"	9	2	4.7
"E1"	10	2	4
"E1"	11	2	4.5
"E1"	12	2	3.9
"E1"	13	2	4
"E1"	14	2	3.9
"E1"	15	2	3.8
"E1"	16	2	5.2
"E1"	17	2	5.6
"E1"	18	2	4.8
"E1"	19	2	5.1
"E1"	20	2	4.4
"E1"	21	2	5.2
"E1"	22	2	4.6
"E1"	23	2	4.2
"E1"	24	2	3.4
"E1"	25	2	3.6
"E1"	26	2	4.7
"E1"	27	2	5.7
"E1"	28	2	5.1
"E1"	29	2	5.4
"E1"	30	2	4.9
"E1"	31	2	4.5
"E1"	32	2	4.3
"E1"	33	2	5.5
"E1"	34	2	4.2
"E1"	35	2	4.2
"E1"	36	2	5.1
"E1"	1	3	3.4
"E1"	2	3	3
"E1"	3	3	2.3
"E1"	4	3	3.4
"E1"	5	3	4.4
"E1"	6	3	4.6
"E1"	7	3	3.2
"E1"	8	3	3.7
"E1"	9	3	3.9
"E1"	10	3	3.7
"E1"	11	3	3.9
"E1"	12	3	6.7
"E1"	13	3	4.5
"E1"	14	3	3.4
"E1"	15	3	3.4
"E1"	16	3	4.2
"E1"	17	3	5.9
"E1"	18	3	4.9
"E1"	19	3	4.1
"E1"	20	3	4.9
"E1"	21	3	4.6
"E1"	22	3	4.2
"E1"	23	3	4.2
"E1"	24	3	4.2
"E1"	25	3	3.6
"E1"	26	3	4.8
"E1"	27	3	5.5
"E1"	28	3	3.8
"E1"	29	3	4.2
"E1"	30	3	5.2
"E1"	31	3	4.1
"E1"	32	3	4.5
"E1"	33	3	5.4
"E1"	34	3	3.6
"E1"	35	3	2.4
"E1"	36	3	5.5
"E1"	1	4	4.1
"E1"	2	4	3.7
"E1"	3	4	4.3
"E1"	4	4	3.6
"E1"	5	4	3.8
"E1"	6	4	3.7
"E1"	7	4	3.4
"E1"	8	4	3.4
"E1"	9	4	5.4
"E1"	10	4	3.3
"E1"	11	4	3.7
"E1"	12	4	4.3
"E1"	13	4	4.1
"E1"	14	4	4.2
"E1"	15	4	4.5
"E1"	16	4	3.2
"E1"	17	4	4.5
"E1"	18	4	5.4
"E1"	19	4	4.4
"E1"	20	4	4.9
"E1"	21	4	4.9
"E1"	22	4	4.9
"E1"	23	4	5.5
"E1"	24	4	4.8
"E1"	25	4	4.4
"E1"	26	4	3.6
"E1"	27	4	4.9
"E1"	28	4	4.5
"E1"	29	4	5.1
"E1"	30	4	4.7
"E1"	31	4	4.9
"E1"	32	4	5
"E1"	33	4	4.7
"E1"	34	4	3.9
"E1"	35	4	3.8
"E1"	36	4	5
"E1"	1	5	5.7
"E1"	2	5	3.3
"E1"	3	5	4.8
"E1"	4	5	3.8
"E1"	5	5	4.2
"E1"	6	5	4.9
"E1"	7	5	4.9
"E1"	8	5	3.1
"E1"	9	5	4.5
"E1"	10	5	3.6
"E1"	11	5	4.4
"E1"	12	5	5.9
"E1"	13	5	4.9
"E1"	14	5	4.7
"E1"	15	5	4.2
"E1"	16	5	5.2
"E1"	17	5	4.8
"E1"	18	5	6.9
"E1"	19	5	4.7
"E1"	20	5	5.9
"E1"	21	5	5.6
"E1"	22	5	5
"E1"	23	5	5.4
"E1"	24	5	4.6
"E1"	25	5	3.3
"E1"	26	5	4.5
"E1"	27	5	5.7
"E1"	28	5	4.7
"E1"	29	5	4.2
"E1"	30	5	4.9
"E1"	31	5	3.7
"E1"	32	5	5
"E1"	33	5	5
"E1"	34	5	3.6
"E1"	35	5	3.3
"E1"	36	5	4.6
"E1"	1	6	3.8
"E1"	2	6	2.9
"E1"	3	6	2.4
"E1"	4	6	4.7
"E1"	5	6	2.9
"E1"	6	6	3.3
"E1"	7	6	2.8
"E1"	8	6	4.6
"E1"	9	6	3.6
"E1"	10	6	4.9
"E1"	11	6	3.6
"E1"	12	6	4.4
"E1"	13	6	3.7
"E1"	14	6	3.6
"E1"	15	6	3
"E1"	16	6	3.8
"E1"	17	6	5.2
"E1"	18	6	4.9
"E1"	19	6	4.4
"E1"	20	6	4.6
"E1"	21	6	4.8
"E1"	22	6	4.9
"E1"	23	6	4.6
"E1"	24	6	5
"E1"	25	6	3.5
"E1"	26	6	4.4
"E1"	27	6	4.2
"E1"	28	6	2.9
"E1"	29	6	3
"E1"	30	6	3.3
"E1"	31	6	3.6
"E1"	32	6	4.9
"E1"	33	6	3.4
"E1"	34	6	3.5
"E1"	35	6	3.3
"E1"	36	6	4
"E1"	1	7	3.6
"E1"	2	7	4.8
"E1"	3	7	4.5
"E1"	4	7	4.8
"E1"	5	7	4.2
"E1"	6	7	4.4
"E1"	7	7	3.8
"E1"	8	7	3.7
"E1"	9	7	4.6
"E1"	10	7	3
"E1"	11	7	4.6
"E1"	12	7	3.3
"E1"	13	7	3.9
"E1"	14	7	3.2
"E1"	15	7	2.5
"E1"	16	7	4.1
"E1"	17	7	4.1
"E1"	18	7	4.7
"E1"	19	7	5.4
"E1"	20	7	4.6
"E1"	21	7	4.4
"E1"	22	7	4.5
"E1"	23	7	5
"E1"	24	7	5
"E1"	25	7	4.1
"E1"	26	7	4.6
"E1"	27	7	3.4
"E1"	28	7	3.6
"E1"	29	7	3
"E1"	30	7	4.2
"E1"	31	7	3.3
"E1"	32	7	3.9
"E1"	33	7	3.1
"E1"	34	7	4.6
"E1"	35	7	3.3
"E1"	36	7	4.4
"E1"	1	8	3.4
"E1"	2	8	3.6
"E1"	3	8	4.6
"E1"	4	8	4.6
"E1"	5	8	3.5
"E1"	6	8	4.5
"E1"	7	8	4.3
"E1"	8	8	3.7
"E1"	9	8	4.1
"E1"	10	8	4.6
"E1"	11	8	3.8
"E1"	12	8	3.5
"E1"	13	8	3.3
"E1"	14	8	3.5
"E1"	15	8	3.9
"E1"	16	8	3.4
"E1"	17	8	5.2
"E1"	18	8	4.5
"E1"	19	8	5.2
"E1"	20	8	5.7
"E1"	21	8	4.8
"E1"	22	8	5
"E1"	23	8	4.6
"E1"	24	8	5.5
"E1"	25	8	4.1
"E1"	26	8	3.5
"E1"	27	8	3.3
"E1"	28	8	2
"E1"	29	8	2.7
"E1"	30	8	3.3
"E1"	31	8	3.7
"E1"	32	8	3.2
"E1"	33	8	3.8
"E1"	34	8	4.5
"E1"	35	8	3.3
"E1"	36	8	5
"E1"	1	9	4.2
"E1"	2	9	4.7
"E1"	3	9	4.5
"E1"	4	9	4.4
"E1"	5	9	5.2
"E1"	6	9	5
"E1"	7	9	4.9
"E1"	8	9	4
"E1"	9	9	4.4
"E1"	10	9	4.3
"E1"	11	9	4.5
"E1"	12	9	3.8
"E1"	13	9	4.6
"E1"	14	9	4.7
"E1"	15	9	4.3
"E1"	16	9	3.5
"E1"	17	9	4.7
"E1"	18	9	4.6
"E1"	19	9	4.8
"E1"	20	9	5.6
"E1"	21	9	4
"E1"	22	9	5.1
"E1"	23	9	5.5
"E1"	24	9	4.9
"E1"	25	9	3.9
"E1"	26	9	3.4
"E1"	27	9	1.4
"E1"	28	9	3.5
"E1"	29	9	3.9
"E1"	30	9	4.2
"E1"	31	9	3.8
"E1"	32	9	3.7
"E1"	33	9	4.8
"E1"	34	9	4.5
"E1"	35	9	3.3
"E1"	36	9	4.6
"E1"	1	10	3.9
"E1"	2	10	4.3
"E1"	3	10	4.6
"E1"	4	10	3.2
"E1"	5	10	4.8
"E1"	6	10	2.9
"E1"	7	10	3.9
"E1"	8	10	3.4
"E1"	9	10	4.1
"E1"	10	10	4.9
"E1"	11	10	4.4
"E1"	12	10	3
"E1"	13	10	4.2
"E1"	14	10	2.9
"E1"	15	10	4.4
"E1"	16	10	4.3
"E1"	17	10	4.6
"E1"	18	10	4.4
"E1"	19	10	3.2
"E1"	20	10	4.5
"E1"	21	10	4.7
"E1"	22	10	5.6
"E1"	23	10	3.1
"E1"	24	10	2.7
"E1"	25	10	3.3
"E1"	26	10	4
"E1"	27	10	3.6
"E1"	28	10	4.2
"E1"	29	10	3.8
"E1"	30	10	4.4
"E1"	31	10	4.2
"E1"	32	10	4.4
"E1"	33	10	4.1
"E1"	34	10	4
"E1"	35	10	4.5
"E1"	36	10	5.2
"E1"	1	11	3.8
"E1"	2	11	5.2
"E1"	3	11	5.7
"E1"	4	11	4.6
"E1"	5	11	5
"E1"	6	11	4.1
"E1"	7	11	4.3
"E1"	8	11	4.3
"E1"	9	11	4.1
"E1"	10	11	4.6
"E1"	11	11	3.4
"E1"	12	11	4.8
"E1"	13	11	4
"E1"	14	11	5.2
"E1"	15	11	4.8
"E1"	16	11	2.7
"E1"	17	11	5.1
"E1"	18	11	4.9
"E1"	19	11	5.1
"E1"	20	11	5.1
"E1"	21	11	5.6
"E1"	22	11	4.6
"E1"	23	11	4.9
"E1"	24	11	5.2
"E1"	25	11	5.5
"E1"	26	11	5.3
"E1"	27	11	3.7
"E1"	28	11	4
"E1"	29	11	5.7
"E1"	30	11	4.4
"E1"	31	11	3.5
"E1"	32	11	4.2
"E1"	33	11	4.7
"E1"	34	11	5.4
"E1"	35	11	5.3
"E1"	36	11	4
"E1"	1	12	5.7
"E1"	2	12	3.6
"E1"	3	12	4.7
"E1"	4	12	5.8
"E1"	5	12	5.3
"E1"	6	12	4.6
"E1"	7	12	4.8
"E1"	8	12	3.2
"E1"	9	12	3.9
"E1"	10	12	3.9
"E1"	11	12	4.1
"E1"	12	12	4.8
"E1"	13	12	5.9
"E1"	14	12	3.9
"E1"	15	12	4
"E1"	16	12	4.2
"E1"	17	12	4.2
"E1"	18	12	4.1
"E1"	19	12	4.3
"E1"	20	12	4.3
"E1"	21	12	5.1
"E1"	22	12	5.1
"E1"	23	12	3.7
"E1"	24	12	5.2
"E1"	25	12	5.1
"E1"	26	12	5.8
"E1"	27	12	3.9
"E1"	28	12	5.4
"E1"	29	12	4.5
"E1"	30	12	5
"E1"	31	12	4.9
"E1"	32	12	4.9
"E1"	33	12	5.2
"E1"	34	12	3.5
"E1"	35	12	3.5
"E1"	36	12	4.6
"E1"	1	13	4.8
"E1"	2	13	3.5
"E1"	3	13	5.1
"E1"	4	13	5.2
"E1"	5	13	4.6
"E1"	6	13	3.7
"E1"	7	13	3
"E1"	8	13	3.3
"E1"	9	13	3.4
"E1"	10	13	3.7
"E1"	11	13	4.4
"E1"	12	13	4.9
"E1"	13	13	5.6
"E1"	14	13	5.1
"E1"	15	13	5.8
"E1"	16	13	3.7
"E1"	17	13	4.1
"E1"	18	13	4.1
"E1"	19	13	4.3
"E1"	20	13	4.7
"E1"	21	13	3.6
"E1"	22	13	4.7
"E1"	23	13	4.2
"E1"	24	13	4.4
"E1"	25	13	4.5
"E1"	26	13	4.6
"E1"	27	13	4.2
"E1"	28	13	6.2
"E1"	29	13	5.3
"E1"	30	13	5.1
"E1"	31	13	4.3
"E1"	32	13	5
"E1"	33	13	4.7
"E1"	34	13	4.6
"E1"	35	13	4.8
"E1"	36	13	4
"E1"	1	14	3.4
"E1"	2	14	4.8
"E1"	3	14	3.7
"E1"	4	14	5.2
"E1"	5	14	3.4
"E1"	6	14	2.6
"E1"	7	14	2.2
"E1"	8	14	5
"E1"	9	14	3
"E1"	10	14	4.6
"E1"	11	14	4
"E1"	12	14	3
"E1"	13	14	4.3
"E1"	14	14	5.4
"E1"	15	14	3.6
"E1"	16	14	2.5
"E1"	17	14	4.3
"E1"	18	14	4.1
"E1"	19	14	4.6
"E1"	20	14	4.4
"E1"	21	14	5.2
"E1"	22	14	3.1
"E1"	23	14	4.1
"E1"	24	14	4.2
"E1"	25	14	4.4
"E1"	26	14	3.5
"E1"	27	14	3.2
"E1"	28	14	5.1
"E1"	29	14	3.1
"E1"	30	14	3.4
"E1"	31	14	3.6
"E1"	32	14	3.9
"E1"	33	14	4.9
"E1"	34	14	5.6
"E1"	35	14	5
"E1"	36	14	4.4
"E1"	1	15	4.4
"E1"	2	15	3.8
"E1"	3	15	4.7
"E1"	4	15	4.9
"E1"	5	15	5.4
"E1"	6	15	5
"E1"	7	15	3.5
"E1"	8	15	5
"E1"	9	15	4.1
"E1"	10	15	3.9
"E1"	11	15	2.7
"E1"	12	15	3.8
"E1"	13	15	4.2
"E1"	14	15	2.8
"E1"	15	15	4
"E1"	16	15	3.8
"E1"	17	15	4.3
"E1"	18	15	3.2
"E1"	19	15	2.8
"E1"	20	15	2.6
"E1"	21	15	4.8
"E1"	22	15	4.2
"E1"	23	15	3.8
"E1"	24	15	4.6
"E1"	25	15	4.6
"E1"	26	15	4.6
"E1"	27	15	3.6
"E1"	28	15	3.9
"E1"	29	15	4.6
"E1"	30	15	3.5
"E1"	31	15	3.5
"E1"	32	15	4.6
"E1"	33	15	5.4
"E1"	34	15	4.5
"E1"	35	15	4.2
"E1"	36	15	4.8
"E1"	1	16	4
"E1"	2	16	4.1
"E1"	3	16	4
"E1"	4	16	4.4
"E1"	5	16	4.1
"E1"	6	16	3.2
"E1"	7	16	3.3
"E1"	8	16	4.1
"E1"	9	16	4.9
"E1"	10	16	4.7
"E1"	11	16	4
"E1"	12	16	4.1
"E1"	13	16	4
"E1"	14	16	3.7
"E1"	15	16	4.3
"E1"	16	16	4.3
"E1"	17	16	3.4
"E1"	18	16	4
"E1"	19	16	3.3
"E1"	20	16	4.2
"E1"	21	16	4.7
"E1"	22	16	3.5
"E1"	23	16	4.7
"E1"	24	16	4.5
"E1"	25	16	5.7
"E1"	26	16	4.7
"E1"	27	16	4.6
"E1"	28	16	3.6
"E1"	29	16	3.9
"E1"	30	16	3.5
"E1"	31	16	3.4
"E1"	32	16	4.1
"E1"	33	16	4.7
"E1"	34	16	3.9
"E1"	35	16	3.8
"E1"	36	16	5.1
"E1"	1	17	5.3
"E1"	2	17	5.3
"E1"	3	17	4.4
"E1"	4	17	4.3
"E1"	5	17	5.4
"E1"	6	17	3.7
"E1"	7	17	3.3
"E1"	8	17	4
"E1"	9	17	5.5
"E1"	10	17	3.9
"E1"	11	17	2.6
"E1"	12	17	3.8
"E1"	13	17	4.3
"E1"	14	17	3.5
"E1"	15	17	4.2
"E1"	16	17	2.7
"E1"	17	17	5.4
"E1"	18	17	2
"E1"	19	17	4
"E1"	20	17	3.2
"E1"	21	17	4.9
"E1"	22	17	4.1
"E1"	23	17	4.3
"E1"	24	17	5
"E1"	25	17	4.5
"E1"	26	17	5
"E1"	27	17	3.8
"E1"	28	17	4.8
"E1"	29	17	4.7
"E1"	30	17	5
"E1"	31	17	5.3
"E1"	32	17	4.5
"E1"	33	17	6.5
"E1"	34	17	5.7
"E1"	35	17	4.5
"E1"	36	17	4.7
"E1"	1	18	4.2
"E1"	2	18	4.1
"E1"	3	18	5.1
"E1"	4	18	5.1
"E1"	5	18	4.7
"E1"	6	18	4.9
"E1"	7	18	5.8
"E1"	8	18	4.1
"E1"	9	18	3.2
"E1"	10	18	3.7
"E1"	11	18	2.8
"E1"	12	18	4.1
"E1"	13	18	3.8
"E1"	14	18	2.6
"E1"	15	18	1.3
"E1"	16	18	1.7
"E1"	17	18	4.4
"E1"	18	18	3.2
"E1"	19	18	2.7
"E1"	20	18	3.1
"E1"	21	18	2.8
"E1"	22	18	3.7
"E1"	23	18	4.7
"E1"	24	18	3.8
"E1"	25	18	3.7
"E1"	26	18	4.3
"E1"	27	18	3.7
"E1"	28	18	4.2
"E1"	29	18	4.8
"E1"	30	18	6.2
"E1"	31	18	4.1
"E1"	32	18	5.1
"E1"	33	18	5.9
"E1"	34	18	6.1
"E1"	35	18	5
"E1"	36	18	5.4
"E1"	1	19	2.9
"E1"	2	19	2.9
"E1"	3	19	2.8
"E1"	4	19	4
"E1"	5	19	2.6
"E1"	6	19	4
"E1"	7	19	2.5
"E1"	8	19	3.5
"E1"	9	19	3
"E1"	10	19	2.2
"E1"	11	19	2.5
"E1"	12	19	3.5
"E1"	13	19	3.4
"E1"	14	19	3.1
"E1"	15	19	2
"E1"	16	19	2.6
"E1"	17	19	2.8
"E1"	18	19	1.8
"E1"	19	19	2.2
"E1"	20	19	3.2
"E1"	21	19	3.2
"E1"	22	19	2.9
"E1"	23	19	2
"E1"	24	19	2.5
"E1"	25	19	3.4
"E1"	26	19	4
"E1"	27	19	3.5
"E1"	28	19	4.3
"E1"	29	19	3.2
"E1"	30	19	3.1
"E1"	31	19	1.9
"E1"	32	19	6.5
"E1"	33	19	5.2
"E1"	34	19	4.5
"E1"	35	19	4.3
"E1"	36	19	5.9
"E1"	1	20	4.3
"E1"	2	20	3.7
"E1"	3	20	3.3
"E1"	4	20	3.4
"E1"	5	20	4.5
"E1"	6	20	4
"E1"	7	20	3.3
"E1"	8	20	4.5
"E1"	9	20	3.5
"E1"	10	20	2
"E1"	11	20	3
"E1"	12	20	3.3
"E1"	13	20	2.5
"E1"	14	20	1.8
"E1"	15	20	1.1
"E1"	16	20	1.4
"E1"	17	20	2.1
"E1"	18	20	2
"E1"	19	20	1.6
"E1"	20	20	1.6
"E1"	21	20	1.1
"E1"	22	20	3.2
"E1"	23	20	2.7
"E1"	24	20	2.6
"E1"	25	20	2.4
"E1"	26	20	2
"E1"	27	20	2.3
"E1"	28	20	4.2
"E1"	29	20	3.8
"E1"	30	20	3.7
"E1"	31	20	4.2
"E1"	32	20	4
"E1"	33	20	3.6
"E1"	34	20	4.3
"E1"	35	20	3
"E1"	36	20	2.8
"E1"	1	21	5.1
"E1"	2	21	3.2
"E1"	3	21	4.4
"E1"	4	21	4.7
"E1"	5	21	3.9
"E1"	6	21	4.1
"E1"	7	21	4.7
"E1"	8	21	3.1
"E1"	9	21	2.8
"E1"	10	21	1.7
"E1"	11	21	1.7
"E1"	12	21	1.8
"E1"	13	21	2.7
"E1"	14	21	3
"E1"	15	21	2.3
"E1"	16	21	2.8
"E1"	17	21	3.6
"E1"	18	21	1.9
"E1"	19	21	3
"E1"	20	21	1.7
"E1"	21	21	3.4
"E1"	22	21	3.8
"E1"	23	21	3.2
"E1"	24	21	1.8
"E1"	25	21	3.7
"E1"	26	21	3.4
"E1"	27	21	2.9
"E1"	28	21	4.2
"E1"	29	21	4.2
"E1"	30	21	3.3
"E1"	31	21	5
"E1"	32	21	4.7
"E1"	33	21	5.1
"E1"	34	21	4.8
"E1"	35	21	4.5
"E1"	36	21	4
"E1"	1	22	5.1
"E1"	2	22	3.4
"E1"	3	22	2.4
"E1"	4	22	5.7
"E1"	5	22	4
"E1"	6	22	3.2
"E1"	7	22	2.9
"E1"	8	22	2.8
"E1"	9	22	5.1
"E1"	10	22	2.7
"E1"	11	22	3.7
"E1"	12	22	2.7
"E1"	13	22	2.2
"E1"	14	22	3
"E1"	15	22	3
"E1"	16	22	1.8
"E1"	17	22	2.6
"E1"	18	22	3.7
"E1"	19	22	3.1
"E1"	20	22	2.8
"E1"	21	22	3.8
"E1"	22	22	3.7
"E1"	23	22	4.3
"E1"	24	22	3.6
"E1"	25	22	3.4
"E1"	26	22	3.1
"E1"	27	22	4.3
"E1"	28	22	4.5
"E1"	29	22	3.2
"E1"	30	22	3.4
"E1"	31	22	4.7
"E1"	32	22	3.7
"E1"	33	22	4.1
"E1"	34	22	4.1
"E1"	35	22	4.3
"E1"	36	22	5
"E1"	1	23	3.6
"E1"	2	23	4.2
"E1"	3	23	4.2
"E1"	4	23	5.4
"E1"	5	23	3.8
"E1"	6	23	3.6
"E1"	7	23	3.6
"E1"	8	23	3.8
"E1"	9	23	4.2
"E1"	10	23	3
"E1"	11	23	2.3
"E1"	12	23	2.8
"E1"	13	23	2.5
"E1"	14	23	1.8
"E1"	15	23	2.4
"E1"	16	23	2.1
"E1"	17	23	3.3
"E1"	18	23	2.7
"E1"	19	23	1.8
"E1"	20	23	2.2
"E1"	21	23	3.5
"E1"	22	23	4.1
"E1"	23	23	5.3
"E1"	24	23	4.7
"E1"	25	23	3.8
"E1"	26	23	4.1
"E1"	27	23	3.9
"E1"	28	23	4
"E1"	29	23	2
"E1"	30	23	3
"E1"	31	23	3.6
"E1"	32	23	2.7
"E1"	33	23	3.5
"E1"	34	23	3.2
"E1"	35	23	2.8
"E1"	36	23	4.9
"E1"	1	24	3.3
"E1"	2	24	3.4
"E1"	3	24	5.6
"E1"	4	24	4.8
"E1"	5	24	4
"E1"	6	24	4.2
"E1"	7	24	4.4
"E1"	8	24	4.5
"E1"	9	24	4.7
"E1"	10	24	3.1
"E1"	11	24	2.5
"E1"	12	24	3.2
"E1"	13	24	3.9
"E1"	14	24	2.8
"E1"	15	24	2.2
"E1"	16	24	2.7
"E1"	17	24	3.5
"E1"	18	24	3.5
"E1"	19	24	2
"E1"	20	24	2.4
"E1"	21	24	4
"E1"	22	24	4.7
"E1"	23	24	4.6
"E1"	24	24	5.1
"E1"	25	24	5.6
"E1"	26	24	4.1
"E1"	27	24	3.9
"E1"	28	24	3
"E1"	29	24	4
"E1"	30	24	2.8
"E1"	31	24	3.5
"E1"	32	24	3.2
"E1"	33	24	3.5
"E1"	34	24	3.1
"E1"	35	24	3.4
"E1"	36	24	3.2
"E1"	1	25	4.2
"E1"	2	25	4.4
"E1"	3	25	4.3
"E1"	4	25	5.2
"E1"	5	25	2.5
"E1"	6	25	5.8
"E1"	7	25	4.5
"E1"	8	25	3.6
"E1"	9	25	5.1
"E1"	10	25	4.6
"E1"	11	25	4.4
"E1"	12	25	4
"E1"	13	25	3.8
"E1"	14	25	4
"E1"	15	25	4.2
"E1"	16	25	2
"E1"	17	25	3.7
"E1"	18	25	3.3
"E1"	19	25	3.3
"E1"	20	25	4
"E1"	21	25	3.4
"E1"	22	25	4.8
"E1"	23	25	4.3
"E1"	24	25	4.7
"E1"	25	25	4.2
"E1"	26	25	5.3
"E1"	27	25	4.7
"E1"	28	25	4.8
"E1"	29	25	4.1
"E1"	30	25	5.2
"E1"	31	25	4
"E1"	32	25	5
"E1"	33	25	5.3
"E1"	34	25	2.8
"E1"	35	25	2.5
"E1"	36	25	2.6
"E1"	1	26	4.2
"E1"	2	26	4.7
"E1"	3	26	4
"E1"	4	26	4.3
"E1"	5	26	3.8
"E1"	6	26	4.1
"E1"	7	26	4.3
"E1"	8	26	2.6
"E1"	9	26	3
"E1"	10	26	4.1
"E1"	11	26	4.5
"E1"	12	26	1.7
"E1"	13	26	3.5
"E1"	14	26	2.8
"E1"	15	26	2.8
"E1"	16	26	2.5
"E1"	17	26	2.3
"E1"	18	26	4.4
"E1"	19	26	3.9
"E1"	20	26	4.6
"E1"	21	26	3.1
"E1"	22	26	4
"E1"	23	26	3.5
"E1"	24	26	3
"E1"	25	26	4.8
"E1"	26	26	4.6
"E1"	27	26	4.1
"E1"	28	26	5.9
"E1"	29	26	4.6
"E1"	30	26	4.3
"E1"	31	26	5.5
"E1"	32	26	5.3
"E1"	33	26	5.1
"E1"	34	26	3.3
"E1"	35	26	3.3
"E1"	36	26	3.6
"E1"	1	27	3.8
"E1"	2	27	4
"E1"	3	27	4.9
"E1"	4	27	5.4
"E1"	5	27	3.7
"E1"	6	27	4.2
"E1"	7	27	3.6
"E1"	8	27	4
"E1"	9	27	2.9
"E1"	10	27	4.2
"E1"	11	27	2.5
"E1"	12	27	0.8
"E1"	13	27	3
"E1"	14	27	3
"E1"	15	27	3.8
"E1"	16	27	3.1
"E1"	17	27	3.7
"E1"	18	27	3.3
"E1"	19	27	4
"E1"	20	27	3.9
"E1"	21	27	2.8
"E1"	22	27	4
"E1"	23	27	3.7
"E1"	24	27	3
"E1"	25	27	4.3
"E1"	26	27	4.6
"E1"	27	27	4.5
"E1"	28	27	5.2
"E1"	29	27	5.4
"E1"	30	27	4.2
"E1"	31	27	5.3
"E1"	32	27	5
"E1"	33	27	3.8
"E1"	34	27	5
"E1"	35	27	3.3
"E1"	36	27	5
"E1"	1	28	5.4
"E1"	2	28	3.6
"E1"	3	28	3.5
"E1"	4	28	4.4
"E1"	5	28	3.4
"E1"	6	28	4.4
"E1"	7	28	4.4
"E1"	8	28	3.9
"E1"	9	28	3.1
"E1"	10	28	1.1
"E1"	11	28	1.7
"E1"	12	28	1.2
"E1"	13	28	2.4
"E1"	14	28	3.9
"E1"	15	28	4
"E1"	16	28	2.6
"E1"	17	28	3.2
"E1"	18	28	3.2
"E1"	19	28	4
"E1"	20	28	5.9
"E1"	21	28	4
"E1"	22	28	4.1
"E1"	23	28	3.3
"E1"	24	28	5
"E1"	25	28	4.4
"E1"	26	28	4.8
"E1"	27	28	3.9
"E1"	28	28	4.6
"E1"	29	28	4.7
"E1"	30	28	4.6
"E1"	31	28	4.4
"E1"	32	28	4
"E1"	33	28	3.9
"E1"	34	28	3.6
"E1"	35	28	4
"E1"	36	28	4.3
"E1"	1	29	5.6
"E1"	2	29	4
"E1"	3	29	2.5
"E1"	4	29	3.6
"E1"	5	29	3.6
"E1"	6	29	5
"E1"	7	29	3.2
"E1"	8	29	4.7
"E1"	9	29	4.3
"E1"	10	29	1.3
"E1"	11	29	0.7
"E1"	12	29	0.9
"E1"	13	29	3.2
"E1"	14	29	3.3
"E1"	15	29	3.1
"E1"	16	29	2
"E1"	17	29	2.8
"E1"	18	29	4.3
"E1"	19	29	3.9
"E1"	20	29	4.4
"E1"	21	29	4.4
"E1"	22	29	4.6
"E1"	23	29	4.9
"E1"	24	29	3.5
"E1"	25	29	3.9
"E1"	26	29	3.2
"E1"	27	29	5.1
"E1"	28	29	4.4
"E1"	29	29	4.9
"E1"	30	29	5.1
"E1"	31	29	3.4
"E1"	32	29	3.7
"E1"	33	29	3
"E1"	34	29	2.9
"E1"	35	29	4.3
"E1"	36	29	4.4
"E1"	1	30	6
"E1"	2	30	4.4
"E1"	3	30	3.5
"E1"	4	30	3.6
"E1"	5	30	4.5
"E1"	6	30	4.2
"E1"	7	30	3.6
"E1"	8	30	4.9
"E1"	9	30	5.3
"E1"	10	30	4.5
"E1"	11	30	3
"E1"	12	30	2.4
"E1"	13	30	3
"E1"	14	30	3.4
"E1"	15	30	4.6
"E1"	16	30	4
"E1"	17	30	5.8
"E1"	18	30	4.6
"E1"	19	30	4.1
"E1"	20	30	2.9
"E1"	21	30	3.2
"E1"	22	30	4
"E1"	23	30	3.3
"E1"	24	30	4.1
"E1"	25	30	4.7
"E1"	26	30	3.9
"E1"	27	30	4.7
"E1"	28	30	3.8
"E1"	29	30	5.3
"E1"	30	30	3.8
"E1"	31	30	5.4
"E1"	32	30	4.3
"E1"	33	30	4.7
"E1"	34	30	3.9
"E1"	35	30	4.5
"E1"	36	30	5
"E1"	1	31	4.3
"E1"	2	31	4.7
"E1"	3	31	4.7
"E1"	4	31	4.4
"E1"	5	31	3.5
"E1"	6	31	3.6
"E1"	7	31	4.3
"E1"	8	31	2.4
"E1"	9	31	3.1
"E1"	10	31	2.3
"E1"	11	31	3.7
"E1"	12	31	3.6
"E1"	13	31	3
"E1"	14	31	3.4
"E1"	15	31	4.3
"E1"	16	31	1.5
"E1"	17	31	5.3
"E1"	18	31	3.4
"E1"	19	31	4.7
"E1"	20	31	3.6
"E1"	21	31	4.2
"E1"	22	31	4.9
"E1"	23	31	5.2
"E1"	24	31	3.6
"E1"	25	31	5.2
"E1"	26	31	4.3
"E1"	27	31	4
"E1"	28	31	4.2
"E1"	29	31	4.5
"E1"	30	31	4.2
"E1"	31	31	4.2
"E1"	32	31	3.6
"E1"	33	31	4.2
"E1"	34	31	4.8
"E1"	35	31	5
"E1"	36	31	5
"E1"	1	32	3.8
"E1"	2	32	2.1
"E1"	3	32	3.6
"E1"	4	32	3.7
"E1"	5	32	4.1
"E1"	6	32	4.7
"E1"	7	32	3.2
"E1"	8	32	2.5
"E1"	9	32	5.4
"E1"	10	32	3.6
"E1"	11	32	3.1
"E1"	12	32	2.7
"E1"	13	32	3.3
"E1"	14	32	4
"E1"	15	32	4
"E1"	16	32	3.6
"E1"	17	32	4.7
"E1"	18	32	4.2
"E1"	19	32	3.8
"E1"	20	32	4
"E1"	21	32	3.6
"E1"	22	32	3.7
"E1"	23	32	3.7
"E1"	24	32	3.9
"E1"	25	32	4.3
"E1"	26	32	3.8
"E1"	27	32	4
"E1"	28	32	4.9
"E1"	29	32	4.1
"E1"	30	32	4
"E1"	31	32	4.7
"E1"	32	32	4.5
"E1"	33	32	4
"E1"	34	32	5.7
"E1"	35	32	5
"E1"	36	32	4.1
"E1"	1	33	5
"E1"	2	33	4.1
"E1"	3	33	4.2
"E1"	4	33	3.9
"E1"	5	33	4.1
"E1"	6	33	4.3
"E1"	7	33	4.7
"E1"	8	33	5.2
"E1"	9	33	4
"E1"	10	33	4.5
"E1"	11	33	5.2
"E1"	12	33	4.5
"E1"	13	33	3.4
"E1"	14	33	3.2
"E1"	15	33	3.6
"E1"	16	33	3.4
"E1"	17	33	4.7
"E1"	18	33	4.7
"E1"	19	33	4.1
"E1"	20	33	3.7
"E1"	21	33	4.6
"E1"	22	33	2.2
"E1"	23	33	3.9
"E1"	24	33	5.1
"E1"	25	33	4.6
"E1"	26	33	4.6
"E1"	27	33	4.5
"E1"	28	33	3.7
"E1"	29	33	5.7
"E1"	30	33	4
"E1"	31	33	3.2
"E1"	32	33	4
"E1"	33	33	4.7
"E1"	34	33	5.2
"E1"	35	33	5.3
"E1"	36	33	3.4
"E1"	1	34	4.8
"E1"	2	34	5.2
"E1"	3	34	5.2
"E1"	4	34	4.6
"E1"	5	34	4.9
"E1"	6	34	4.6
"E1"	7	34	5.8
"E1"	8	34	4.9
"E1"	9	34	3.3
"E1"	10	34	4.7
"E1"	11	34	4.5
"E1"	12	34	3.4
"E1"	13	34	4
"E1"	14	34	3.7
"E1"	15	34	3.5
"E1"	16	34	3.4
"E1"	17	34	3.3
"E1"	18	34	4.3
"E1"	19	34	4.5
"E1"	20	34	3.2
"E1"	21	34	3.6
"E1"	22	34	4.2
"E1"	23	34	3.5
"E1"	24	34	3.4
"E1"	25	34	4.3
"E1"	26	34	5
"E1"	27	34	4.7
"E1"	28	34	4.7
"E1"	29	34	4
"E1"	30	34	5.1
"E1"	31	34	4.2
"E1"	32	34	4.2
"E1"	33	34	3.8
"E1"	34	34	3.7
"E1"	35	34	7.8
"E1"	36	34	3.6
"E1"	1	35	4
"E1"	2	35	4.7
"E1"	3	35	5
"E1"	4	35	4.7
"E1"	5	35	4.1
"E1"	6	35	5.3
"E1"	7	35	5.2
"E1"	8	35	4.6
"E1"	9	35	5.2
"E1"	10	35	4.8
"E1"	11	35	4.1
"E1"	12	35	5
"E1"	13	35	6
"E1"	14	35	4
"E1"	15	35	4.5
"E1"	16	35	4.3
"E1"	17	35	5.3
"E1"	18	35	4.5
"E1"	19	35	4.7
"E1"	20	35	3.7
"E1"	21	35	4.4
"E1"	22	35	4.4
"E1"	23	35	4.8
"E1"	24	35	4.9
"E1"	25	35	5
"E1"	26	35	5.5
"E1"	27	35	5
"E1"	28	35	3.9
"E1"	29	35	3.5
"E1"	30	35	5.1
"E1"	31	35	4.4
"E1"	32	35	4.4
"E1"	33	35	4.9
"E1"	34	35	4.5
"E1"	35	35	5
"E1"	36	35	4
"E1"	1	36	5.9
"E1"	2	36	5
"E1"	3	36	4
"E1"	4	36	4.7
"E1"	5	36	5
"E1"	6	36	3.7
"E1"	7	36	4.5
"E1"	8	36	4.2
"E1"	9	36	5
"E1"	10	36	4.7
"E1"	11	36	4
"E1"	12	36	3.9
"E1"	13	36	3.4
"E1"	14	36	4.4
"E1"	15	36	4.8
"E1"	16	36	4.3
"E1"	17	36	5.2
"E1"	18	36	3.6
"E1"	19	36	4
"E1"	20	36	3.8
"E1"	21	36	5.1
"E1"	22	36	4.4
"E1"	23	36	5.5
"E1"	24	36	4.1
"E1"	25	36	4.1
"E1"	26	36	4.9
"E1"	27	36	4
"E1"	28	36	4.1
"E1"	29	36	6
"E1"	30	36	3.8
"E1"	31	36	4.7
"E1"	32	36	3.6
"E1"	33	36	3.9
"E1"	34	36	5.6
"E1"	35	36	4.7
"E1"	36	36	4.5
"E2"	1	1	1.68
"E2"	2	1	2.68
"E2"	3	1	2.85
"E2"	4	1	2.32
"E2"	5	1	2.86
"E2"	6	1	2.62
"E2"	7	1	2.15
"E2"	8	1	1.5
"E2"	9	1	2.38
"E2"	10	1	2.34
"E2"	11	1	1.93
"E2"	12	1	1.86
"E2"	13	1	2.08
"E2"	14	1	1.82
"E2"	15	1	2.07
"E2"	16	1	2.14
"E2"	17	1	2.58
"E2"	18	1	1.84
"E2"	19	1	1.89
"E2"	20	1	1.67
"E2"	21	1	1.64
"E2"	22	1	1
"E2"	23	1	1.88
"E2"	24	1	1.99
"E2"	25	1	0.9
"E2"	26	1	1.55
"E2"	27	1	1.82
"E2"	28	1	1.54
"E2"	29	1	1.64
"E2"	30	1	1.88
"E2"	31	1	1.62
"E2"	32	1	2.66
"E2"	33	1	2.37
"E2"	34	1	2.1
"E2"	35	1	1.73
"E2"	36	1	2.2
"E2"	1	2	1.85
"E2"	2	2	2.43
"E2"	3	2	3.23
"E2"	4	2	2.49
"E2"	5	2	2.5
"E2"	6	2	2.46
"E2"	7	2	1.78
"E2"	8	2	2.02
"E2"	9	2	2.26
"E2"	10	2	1.85
"E2"	11	2	2.7
"E2"	12	2	2.39
"E2"	13	2	2.4
"E2"	14	2	1.9
"E2"	15	2	1.52
"E2"	16	2	2.45
"E2"	17	2	2.23
"E2"	18	2	2.02
"E2"	19	2	2.66
"E2"	20	2	2.23
"E2"	21	2	1.58
"E2"	22	2	1.55
"E2"	23	2	1.56
"E2"	24	2	1.6
"E2"	25	2	1.12
"E2"	26	2	1.56
"E2"	27	2	1.86
"E2"	28	2	1.64
"E2"	29	2	1.3
"E2"	30	2	2.3
"E2"	31	2	2.34
"E2"	32	2	2.38
"E2"	33	2	2.54
"E2"	34	2	2.6
"E2"	35	2	2.4
"E2"	36	2	2.62
"E2"	1	3	1.48
"E2"	2	3	2.43
"E2"	3	3	2.76
"E2"	4	3	2.71
"E2"	5	3	2.54
"E2"	6	3	3
"E2"	7	3	2.7
"E2"	8	3	1.62
"E2"	9	3	2.66
"E2"	10	3	2.27
"E2"	11	3	1.91
"E2"	12	3	1.41
"E2"	13	3	1.36
"E2"	14	3	1.87
"E2"	15	3	1.5
"E2"	16	3	3.06
"E2"	17	3	2.17
"E2"	18	3	2.56
"E2"	19	3	1.72
"E2"	20	3	2.05
"E2"	21	3	2.01
"E2"	22	3	1.83
"E2"	23	3	2.25
"E2"	24	3	1.7
"E2"	25	3	1.54
"E2"	26	3	1.67
"E2"	27	3	1.48
"E2"	28	3	1.51
"E2"	29	3	1.87
"E2"	30	3	1.06
"E2"	31	3	1.94
"E2"	32	3	2.58
"E2"	33	3	2.5
"E2"	34	3	2.03
"E2"	35	3	1.71
"E2"	36	3	2.71
"E2"	1	4	1.65
"E2"	2	4	2.81
"E2"	3	4	2.99
"E2"	4	4	3.17
"E2"	5	4	2.75
"E2"	6	4	2.83
"E2"	7	4	2.79
"E2"	8	4	2.52
"E2"	9	4	1.99
"E2"	10	4	2.45
"E2"	11	4	1.93
"E2"	12	4	2.56
"E2"	13	4	2.98
"E2"	14	4	1.95
"E2"	15	4	2.23
"E2"	16	4	2.71
"E2"	17	4	2.39
"E2"	18	4	2.98
"E2"	19	4	2.62
"E2"	20	4	2.9
"E2"	21	4	1.89
"E2"	22	4	1.99
"E2"	23	4	1.7
"E2"	24	4	2.26
"E2"	25	4	1.46
"E2"	26	4	2.03
"E2"	27	4	1.89
"E2"	28	4	1.88
"E2"	29	4	1.37
"E2"	30	4	1.87
"E2"	31	4	2.21
"E2"	32	4	1.94
"E2"	33	4	2.13
"E2"	34	4	2.62
"E2"	35	4	2.29
"E2"	36	4	2.11
"E2"	1	5	2.45
"E2"	2	5	2.51
"E2"	3	5	2.23
"E2"	4	5	1.95
"E2"	5	5	2.56
"E2"	6	5	2.65
"E2"	7	5	2.75
"E2"	8	5	2.73
"E2"	9	5	1.41
"E2"	10	5	2.72
"E2"	11	5	1.63
"E2"	12	5	1.55
"E2"	13	5	1.67
"E2"	14	5	2.28
"E2"	15	5	1.77
"E2"	16	5	2.32
"E2"	17	5	2.37
"E2"	18	5	2.37
"E2"	19	5	2.19
"E2"	20	5	1.82
"E2"	21	5	2
"E2"	22	5	1.66
"E2"	23	5	2.03
"E2"	24	5	1.49
"E2"	25	5	1.45
"E2"	26	5	1.76
"E2"	27	5	1.75
"E2"	28	5	1.7
"E2"	29	5	1.94
"E2"	30	5	1.54
"E2"	31	5	2.25
"E2"	32	5	1.86
"E2"	33	5	2.88
"E2"	34	5	1.72
"E2"	35	5	2.42
"E2"	36	5	2.18
"E2"	1	6	1.74
"E2"	2	6	2.84
"E2"	3	6	2.9
"E2"	4	6	2.66
"E2"	5	6	2.94
"E2"	6	6	2.24
"E2"	7	6	2.74
"E2"	8	6	2.39
"E2"	9	6	2.23
"E2"	10	6	2.35
"E2"	11	6	2.45
"E2"	12	6	2.19
"E2"	13	6	2.36
"E2"	14	6	2.49
"E2"	15	6	2.05
"E2"	16	6	2.7
"E2"	17	6	2.65
"E2"	18	6	2.4
"E2"	19	6	2.69
"E2"	20	6	2.29
"E2"	21	6	1.66
"E2"	22	6	1.84
"E2"	23	6	1.97
"E2"	24	6	1.96
"E2"	25	6	1.7
"E2"	26	6	1.8
"E2"	27	6	2.1
"E2"	28	6	1.7
"E2"	29	6	1.87
"E2"	30	6	1.92
"E2"	31	6	1.62
"E2"	32	6	2.3
"E2"	33	6	2.41
"E2"	34	6	2.27
"E2"	35	6	2.27
"E2"	36	6	2.25
"E2"	1	7	1.78
"E2"	2	7	3
"E2"	3	7	2.74
"E2"	4	7	2.05
"E2"	5	7	2.4
"E2"	6	7	3.02
"E2"	7	7	2.92
"E2"	8	7	2.36
"E2"	9	7	2.26
"E2"	10	7	2.2
"E2"	11	7	2.39
"E2"	12	7	1.75
"E2"	13	7	2.62
"E2"	14	7	1.94
"E2"	15	7	2.26
"E2"	16	7	2.34
"E2"	17	7	2.27
"E2"	18	7	2.14
"E2"	19	7	2.35
"E2"	20	7	2.39
"E2"	21	7	2.23
"E2"	22	7	1.95
"E2"	23	7	1.8
"E2"	24	7	1.4
"E2"	25	7	1.76
"E2"	26	7	1.56
"E2"	27	7	1.1
"E2"	28	7	1.76
"E2"	29	7	1.15
"E2"	30	7	1.44
"E2"	31	7	2.78
"E2"	32	7	2.81
"E2"	33	7	2.41
"E2"	34	7	2.38
"E2"	35	7	2.7
"E2"	36	7	1.41
"E2"	1	8	2.23
"E2"	2	8	1.98
"E2"	3	8	2.3
"E2"	4	8	2.2
"E2"	5	8	2.37
"E2"	6	8	2.03
"E2"	7	8	1.57
"E2"	8	8	2.03
"E2"	9	8	2.26
"E2"	10	8	2.23
"E2"	11	8	2
"E2"	12	8	2.31
"E2"	13	8	2.56
"E2"	14	8	1.77
"E2"	15	8	1.39
"E2"	16	8	2.44
"E2"	17	8	2.77
"E2"	18	8	2.54
"E2"	19	8	2.22
"E2"	20	8	2.27
"E2"	21	8	2
"E2"	22	8	1.44
"E2"	23	8	1.74
"E2"	24	8	1.58
"E2"	25	8	1.09
"E2"	26	8	1.76
"E2"	27	8	1.8
"E2"	28	8	1.82
"E2"	29	8	1.57
"E2"	30	8	2.15
"E2"	31	8	2.18
"E2"	32	8	2
"E2"	33	8	2.01
"E2"	34	8	2.1
"E2"	35	8	2.64
"E2"	36	8	2.21
"E2"	1	9	2.94
"E2"	2	9	2.79
"E2"	3	9	2.56
"E2"	4	9	2.55
"E2"	5	9	2.99
"E2"	6	9	3.32
"E2"	7	9	2.53
"E2"	8	9	1.63
"E2"	9	9	2.18
"E2"	10	9	2.39
"E2"	11	9	2.24
"E2"	12	9	1.31
"E2"	13	9	2.35
"E2"	14	9	2.35
"E2"	15	9	1.94
"E2"	16	9	2.05
"E2"	17	9	2.35
"E2"	18	9	2.25
"E2"	19	9	1.52
"E2"	20	9	2.55
"E2"	21	9	1.79
"E2"	22	9	1.53
"E2"	23	9	1.96
"E2"	24	9	1.85
"E2"	25	9	1.33
"E2"	26	9	1.15
"E2"	27	9	1.6
"E2"	28	9	1.71
"E2"	29	9	1.49
"E2"	30	9	2.06
"E2"	31	9	1.96
"E2"	32	9	1.42
"E2"	33	9	2.53
"E2"	34	9	1.9
"E2"	35	9	2.18
"E2"	36	9	1.79
"E2"	1	10	1.27
"E2"	2	10	2.55
"E2"	3	10	2.84
"E2"	4	10	2.4
"E2"	5	10	2.58
"E2"	6	10	1.55
"E2"	7	10	1.47
"E2"	8	10	1.75
"E2"	9	10	1.38
"E2"	10	10	1.99
"E2"	11	10	1.84
"E2"	12	10	1.83
"E2"	13	10	2.05
"E2"	14	10	2.1
"E2"	15	10	2.02
"E2"	16	10	2.42
"E2"	17	10	2.15
"E2"	18	10	1.6
"E2"	19	10	1.09
"E2"	20	10	1.37
"E2"	21	10	1.1
"E2"	22	10	1.2
"E2"	23	10	1.61
"E2"	24	10	1.49
"E2"	25	10	0.85
"E2"	26	10	1.11
"E2"	27	10	1.81
"E2"	28	10	1.72
"E2"	29	10	1.07
"E2"	30	10	1.7
"E2"	31	10	1.93
"E2"	32	10	1.34
"E2"	33	10	1.94
"E2"	34	10	2.25
"E2"	35	10	2.83
"E2"	36	10	2.49
"E2"	1	11	1.57
"E2"	2	11	2.03
"E2"	3	11	2.85
"E2"	4	11	1.65
"E2"	5	11	1.98
"E2"	6	11	2.39
"E2"	7	11	2.62
"E2"	8	11	1.66
"E2"	9	11	1.85
"E2"	10	11	1.87
"E2"	11	11	1.87
"E2"	12	11	2.11
"E2"	13	11	2.49
"E2"	14	11	1.51
"E2"	15	11	1.13
"E2"	16	11	2.23
"E2"	17	11	2.56
"E2"	18	11	1.7
"E2"	19	11	1.73
"E2"	20	11	1.41
"E2"	21	11	2
"E2"	22	11	1.59
"E2"	23	11	1.37
"E2"	24	11	1.2
"E2"	25	11	1.72
"E2"	26	11	1.62
"E2"	27	11	2.06
"E2"	28	11	1.92
"E2"	29	11	1.49
"E2"	30	11	2.24
"E2"	31	11	2.02
"E2"	32	11	1.89
"E2"	33	11	1.67
"E2"	34	11	1.84
"E2"	35	11	1.77
"E2"	36	11	2.1
"E2"	1	12	1
"E2"	2	12	2.31
"E2"	3	12	2.34
"E2"	4	12	2.35
"E2"	5	12	2.1
"E2"	6	12	1.74
"E2"	7	12	1.73
"E2"	8	12	1.62
"E2"	9	12	1.7
"E2"	10	12	1.6
"E2"	11	12	1.5
"E2"	12	12	1.75
"E2"	13	12	2.15
"E2"	14	12	1.85
"E2"	15	12	1.31
"E2"	16	12	2.46
"E2"	17	12	2.47
"E2"	18	12	2.27
"E2"	19	12	2.11
"E2"	20	12	1.56
"E2"	21	12	1.58
"E2"	22	12	1.58
"E2"	23	12	1.67
"E2"	24	12	1.65
"E2"	25	12	0.85
"E2"	26	12	1.15
"E2"	27	12	1.86
"E2"	28	12	1.99
"E2"	29	12	1.62
"E2"	30	12	1.55
"E2"	31	12	1.8
"E2"	32	12	1.4
"E2"	33	12	2.21
"E2"	34	12	1.81
"E2"	35	12	2.71
"E2"	36	12	1.03
"E2"	1	13	1.7
"E2"	2	13	1.57
"E2"	3	13	1.65
"E2"	4	13	1.3
"E2"	5	13	2.15
"E2"	6	13	2.17
"E2"	7	13	2.16
"E2"	8	13	2.22
"E2"	9	13	2.15
"E2"	10	13	2.45
"E2"	11	13	1.47
"E2"	12	13	1.75
"E2"	13	13	1.72
"E2"	14	13	1.65
"E2"	15	13	1.47
"E2"	16	13	2.33
"E2"	17	13	2.09
"E2"	18	13	2.23
"E2"	19	13	1.57
"E2"	20	13	2.39
"E2"	21	13	1.8
"E2"	22	13	1.43
"E2"	23	13	1.38
"E2"	24	13	1.07
"E2"	25	13	1.51
"E2"	26	13	1.25
"E2"	27	13	1.51
"E2"	28	13	1.6
"E2"	29	13	1.17
"E2"	30	13	2.26
"E2"	31	13	1.81
"E2"	32	13	1.9
"E2"	33	13	1.76
"E2"	34	13	1.91
"E2"	35	13	2.41
"E2"	36	13	1.69
"E2"	1	14	1.7
"E2"	2	14	2.21
"E2"	3	14	2.17
"E2"	4	14	1.38
"E2"	5	14	2.07
"E2"	6	14	1.95
"E2"	7	14	3.15
"E2"	8	14	2.37
"E2"	9	14	1.99
"E2"	10	14	2.09
"E2"	11	14	2.03
"E2"	12	14	1.7
"E2"	13	14	1.7
"E2"	14	14	1.97
"E2"	15	14	2.05
"E2"	16	14	2.63
"E2"	17	14	2.58
"E2"	18	14	2.39
"E2"	19	14	1.84
"E2"	20	14	2.68
"E2"	21	14	1.45
"E2"	22	14	1.51
"E2"	23	14	1.49
"E2"	24	14	1.59
"E2"	25	14	1.42
"E2"	26	14	1.8
"E2"	27	14	1.93
"E2"	28	14	1.53
"E2"	29	14	1.02
"E2"	30	14	1.6
"E2"	31	14	1.65
"E2"	32	14	1.76
"E2"	33	14	2
"E2"	34	14	1.77
"E2"	35	14	2.05
"E2"	36	14	1.86
"E2"	1	15	1
"E2"	2	15	1.8
"E2"	3	15	2.25
"E2"	4	15	1.51
"E2"	5	15	1.85
"E2"	6	15	2.34
"E2"	7	15	2.05
"E2"	8	15	1.7
"E2"	9	15	2.25
"E2"	10	15	2.4
"E2"	11	15	1.27
"E2"	12	15	2.36
"E2"	13	15	1.85
"E2"	14	15	1.93
"E2"	15	15	1.65
"E2"	16	15	1.56
"E2"	17	15	1.7
"E2"	18	15	1.41
"E2"	19	15	1.81
"E2"	20	15	1.51
"E2"	21	15	1.52
"E2"	22	15	1.65
"E2"	23	15	1.6
"E2"	24	15	1.65
"E2"	25	15	1.6
"E2"	26	15	1.38
"E2"	27	15	1.85
"E2"	28	15	1.94
"E2"	29	15	1.2
"E2"	30	15	1.23
"E2"	31	15	1.97
"E2"	32	15	1.98
"E2"	33	15	1.92
"E2"	34	15	2.21
"E2"	35	15	2.64
"E2"	36	15	2.01
"E2"	1	16	1.39
"E2"	2	16	1.75
"E2"	3	16	2.95
"E2"	4	16	1.6
"E2"	5	16	2.42
"E2"	6	16	2.77
"E2"	7	16	2.16
"E2"	8	16	1.82
"E2"	9	16	2.13
"E2"	10	16	2.1
"E2"	11	16	2.15
"E2"	12	16	1.92
"E2"	13	16	2.18
"E2"	14	16	1.73
"E2"	15	16	2.14
"E2"	16	16	2.14
"E2"	17	16	1.96
"E2"	18	16	1.8
"E2"	19	16	2.62
"E2"	20	16	2.26
"E2"	21	16	1.22
"E2"	22	16	0.88
"E2"	23	16	1.95
"E2"	24	16	2.1
"E2"	25	16	1.37
"E2"	26	16	1.78
"E2"	27	16	1.56
"E2"	28	16	1.08
"E2"	29	16	1.28
"E2"	30	16	1.7
"E2"	31	16	1.74
"E2"	32	16	1.47
"E2"	33	16	1.98
"E2"	34	16	1.84
"E2"	35	16	2.22
"E2"	36	16	1.91
"E2"	1	17	1.71
"E2"	2	17	1.93
"E2"	3	17	2.58
"E2"	4	17	1.32
"E2"	5	17	2.58
"E2"	6	17	2.12
"E2"	7	17	1.92
"E2"	8	17	2.22
"E2"	9	17	2.12
"E2"	10	17	1.82
"E2"	11	17	1.85
"E2"	12	17	1.94
"E2"	13	17	2.1
"E2"	14	17	1.5
"E2"	15	17	2.26
"E2"	16	17	2.32
"E2"	17	17	1.92
"E2"	18	17	2.08
"E2"	19	17	1.96
"E2"	20	17	2.14
"E2"	21	17	2.76
"E2"	22	17	1.39
"E2"	23	17	1.86
"E2"	24	17	1.55
"E2"	25	17	1.35
"E2"	26	17	1.65
"E2"	27	17	2
"E2"	28	17	1.58
"E2"	29	17	0.91
"E2"	30	17	1.82
"E2"	31	17	1.61
"E2"	32	17	2.22
"E2"	33	17	2.33
"E2"	34	17	2.09
"E2"	35	17	1.96
"E2"	36	17	2.09
"E2"	1	18	1.9
"E2"	2	18	1.78
"E2"	3	18	2.14
"E2"	4	18	2.25
"E2"	5	18	2.82
"E2"	6	18	2.68
"E2"	7	18	2.52
"E2"	8	18	1.86
"E2"	9	18	2.1
"E2"	10	18	2.07
"E2"	11	18	1.9
"E2"	12	18	2.1
"E2"	13	18	1.95
"E2"	14	18	1.82
"E2"	15	18	1.7
"E2"	16	18	2.46
"E2"	17	18	2.11
"E2"	18	18	1.9
"E2"	19	18	2.11
"E2"	20	18	1.72
"E2"	21	18	1.48
"E2"	22	18	1.5
"E2"	23	18	2.23
"E2"	24	18	1.51
"E2"	25	18	1.16
"E2"	26	18	1.87
"E2"	27	18	1.76
"E2"	28	18	1.69
"E2"	29	18	1.54
"E2"	30	18	1.94
"E2"	31	18	2.28
"E2"	32	18	2.35
"E2"	33	18	2.3
"E2"	34	18	1.96
"E2"	35	18	2.11
"E2"	36	18	1.9
"E2"	1	19	2
"E2"	2	19	1.94
"E2"	3	19	2.43
"E2"	4	19	2.23
"E2"	5	19	2.32
"E2"	6	19	2.98
"E2"	7	19	1.82
"E2"	8	19	2.58
"E2"	9	19	2.3
"E2"	10	19	1.92
"E2"	11	19	2.03
"E2"	12	19	2.09
"E2"	13	19	2.07
"E2"	14	19	1.44
"E2"	15	19	2.01
"E2"	16	19	1.38
"E2"	17	19	1.79
"E2"	18	19	1.77
"E2"	19	19	1.65
"E2"	20	19	1.4
"E2"	21	19	1.94
"E2"	22	19	1.6
"E2"	23	19	1.88
"E2"	24	19	1.54
"E2"	25	19	1.25
"E2"	26	19	1.65
"E2"	27	19	1.98
"E2"	28	19	1.88
"E2"	29	19	1.39
"E2"	30	19	1.55
"E2"	31	19	2.08
"E2"	32	19	2.09
"E2"	33	19	2.34
"E2"	34	19	2.05
"E2"	35	19	2.26
"E2"	36	19	1.63
"E2"	1	20	2.56
"E2"	2	20	2.12
"E2"	3	20	2.07
"E2"	4	20	1.7
"E2"	5	20	3.29
"E2"	6	20	2.75
"E2"	7	20	2.15
"E2"	8	20	1.64
"E2"	9	20	1.82
"E2"	10	20	1.75
"E2"	11	20	2.22
"E2"	12	20	1.94
"E2"	13	20	2.05
"E2"	14	20	2.41
"E2"	15	20	1.92
"E2"	16	20	2.38
"E2"	17	20	1.77
"E2"	18	20	1.63
"E2"	19	20	1.52
"E2"	20	20	1.32
"E2"	21	20	1.2
"E2"	22	20	1.38
"E2"	23	20	1.91
"E2"	24	20	1.7
"E2"	25	20	1.51
"E2"	26	20	2.01
"E2"	27	20	1.58
"E2"	28	20	1.49
"E2"	29	20	1.86
"E2"	30	20	2.08
"E2"	31	20	2.33
"E2"	32	20	1.6
"E2"	33	20	2.89
"E2"	34	20	2.49
"E2"	35	20	2.24
"E2"	36	20	2.13
"E2"	1	21	2.41
"E2"	2	21	2.95
"E2"	3	21	2.33
"E2"	4	21	1.88
"E2"	5	21	2.56
"E2"	6	21	2.61
"E2"	7	21	1.4
"E2"	8	21	1.5
"E2"	9	21	1.9
"E2"	10	21	1.77
"E2"	11	21	1.6
"E2"	12	21	2.1
"E2"	13	21	1.7
"E2"	14	21	1.64
"E2"	15	21	1.89
"E2"	16	21	2.1
"E2"	17	21	2.06
"E2"	18	21	1.48
"E2"	19	21	1.5
"E2"	20	21	1.44
"E2"	21	21	1.4
"E2"	22	21	1.58
"E2"	23	21	1.76
"E2"	24	21	1.42
"E2"	25	21	1.48
"E2"	26	21	1.4
"E2"	27	21	1.5
"E2"	28	21	1.99
"E2"	29	21	1.5
"E2"	30	21	2
"E2"	31	21	1.89
"E2"	32	21	2.05
"E2"	33	21	1.73
"E2"	34	21	2.18
"E2"	35	21	1.66
"E2"	36	21	1.29
"E2"	1	22	2.96
"E2"	2	22	2.38
"E2"	3	22	2.85
"E2"	4	22	2.26
"E2"	5	22	2.22
"E2"	6	22	2.62
"E2"	7	22	1.85
"E2"	8	22	1.9
"E2"	9	22	1.84
"E2"	10	22	1.75
"E2"	11	22	1.93
"E2"	12	22	1.98
"E2"	13	22	2.01
"E2"	14	22	2.16
"E2"	15	22	1.72
"E2"	16	22	2.08
"E2"	17	22	2.07
"E2"	18	22	1.29
"E2"	19	22	1.4
"E2"	20	22	1.79
"E2"	21	22	1.47
"E2"	22	22	1.53
"E2"	23	22	1.81
"E2"	24	22	1.71
"E2"	25	22	1.24
"E2"	26	22	1.88
"E2"	27	22	1.86
"E2"	28	22	2.03
"E2"	29	22	1.32
"E2"	30	22	1.76
"E2"	31	22	1.86
"E2"	32	22	1.67
"E2"	33	22	1.63
"E2"	34	22	1.12
"E2"	35	22	1.76
"E2"	36	22	1.2
"E2"	1	23	2.42
"E2"	2	23	3.06
"E2"	3	23	2.99
"E2"	4	23	2.08
"E2"	5	23	1.51
"E2"	6	23	2.61
"E2"	7	23	1.85
"E2"	8	23	1.76
"E2"	9	23	1.94
"E2"	10	23	1.84
"E2"	11	23	1.58
"E2"	12	23	1.54
"E2"	13	23	2.25
"E2"	14	23	1.94
"E2"	15	23	2.09
"E2"	16	23	2.01
"E2"	17	23	1.68
"E2"	18	23	1.05
"E2"	19	23	1.49
"E2"	20	23	1.78
"E2"	21	23	1.35
"E2"	22	23	1.6
"E2"	23	23	1.77
"E2"	24	23	1.65
"E2"	25	23	1.08
"E2"	26	23	1.58
"E2"	27	23	1.33
"E2"	28	23	1.25
"E2"	29	23	1.46
"E2"	30	23	1.7
"E2"	31	23	2.1
"E2"	32	23	1.5
"E2"	33	23	1.81
"E2"	34	23	1.7
"E2"	35	23	1.98
"E2"	36	23	1.23
"E2"	1	24	2.43
"E2"	2	24	2.82
"E2"	3	24	3.18
"E2"	4	24	2.22
"E2"	5	24	2.29
"E2"	6	24	2.33
"E2"	7	24	1.47
"E2"	8	24	1.85
"E2"	9	24	1.93
"E2"	10	24	1.76
"E2"	11	24	1.72
"E2"	12	24	1.78
"E2"	13	24	2.08
"E2"	14	24	1.84
"E2"	15	24	1.92
"E2"	16	24	1.74
"E2"	17	24	1.83
"E2"	18	24	1.76
"E2"	19	24	2.01
"E2"	20	24	1.88
"E2"	21	24	1.43
"E2"	22	24	1.25
"E2"	23	24	1.74
"E2"	24	24	1.8
"E2"	25	24	1.04
"E2"	26	24	1.31
"E2"	27	24	1.74
"E2"	28	24	1.76
"E2"	29	24	1.34
"E2"	30	24	1.65
"E2"	31	24	2.06
"E2"	32	24	2.14
"E2"	33	24	1.5
"E2"	34	24	2.32
"E2"	35	24	2.02
"E2"	36	24	0.81
"E2"	1	25	2.47
"E2"	2	25	2.62
"E2"	3	25	2.57
"E2"	4	25	2.05
"E2"	5	25	2.05
"E2"	6	25	2.49
"E2"	7	25	1.5
"E2"	8	25	1.51
"E2"	9	25	1.8
"E2"	10	25	1.67
"E2"	11	25	1.66
"E2"	12	25	1.59
"E2"	13	25	2.11
"E2"	14	25	2.19
"E2"	15	25	2.35
"E2"	16	25	1.82
"E2"	17	25	1.99
"E2"	18	25	1.53
"E2"	19	25	1.21
"E2"	20	25	2.18
"E2"	21	25	1.58
"E2"	22	25	1.19
"E2"	23	25	1.5
"E2"	24	25	1.3
"E2"	25	25	1.3
"E2"	26	25	1.4
"E2"	27	25	1.45
"E2"	28	25	1.55
"E2"	29	25	1.35
"E2"	30	25	1.63
"E2"	31	25	1.58
"E2"	32	25	1.96
"E2"	33	25	1.69
"E2"	34	25	1.76
"E2"	35	25	1.45
"E2"	36	25	0.75
"E2"	1	26	2.32
"E2"	2	26	2.54
"E2"	3	26	3
"E2"	4	26	1.62
"E2"	5	26	2.21
"E2"	6	26	2.45
"E2"	7	26	1.7
"E2"	8	26	1.32
"E2"	9	26	1.89
"E2"	10	26	2.25
"E2"	11	26	1.65
"E2"	12	26	1.79
"E2"	13	26	1.77
"E2"	14	26	1.98
"E2"	15	26	1.61
"E2"	16	26	2.54
"E2"	17	26	2.48
"E2"	18	26	1.76
"E2"	19	26	1.54
"E2"	20	26	1.56
"E2"	21	26	1.08
"E2"	22	26	1.13
"E2"	23	26	1.4
"E2"	24	26	1.14
"E2"	25	26	1.06
"E2"	26	26	1.4
"E2"	27	26	1.74
"E2"	28	26	1.7
"E2"	29	26	1.29
"E2"	30	26	1.94
"E2"	31	26	2.06
"E2"	32	26	2.46
"E2"	33	26	1.49
"E2"	34	26	1.74
"E2"	35	26	1.68
"E2"	36	26	1.5
"E2"	1	27	2.76
"E2"	2	27	2.9
"E2"	3	27	2.86
"E2"	4	27	2.24
"E2"	5	27	2.08
"E2"	6	27	2.68
"E2"	7	27	1.49
"E2"	8	27	1.86
"E2"	9	27	2.2
"E2"	10	27	1.92
"E2"	11	27	2.26
"E2"	12	27	2.02
"E2"	13	27	2.48
"E2"	14	27	2.14
"E2"	15	27	1.54
"E2"	16	27	1.75
"E2"	17	27	2.06
"E2"	18	27	1.64
"E2"	19	27	1.33
"E2"	20	27	1.83
"E2"	21	27	2.16
"E2"	22	27	1.18
"E2"	23	27	1.62
"E2"	24	27	1.45
"E2"	25	27	1.46
"E2"	26	27	1.33
"E2"	27	27	1.73
"E2"	28	27	1.47
"E2"	29	27	1.38
"E2"	30	27	1.63
"E2"	31	27	1.98
"E2"	32	27	2.25
"E2"	33	27	1.79
"E2"	34	27	1.43
"E2"	35	27	1.25
"E2"	36	27	1.26
"E2"	1	28	2.82
"E2"	2	28	3.05
"E2"	3	28	2.86
"E2"	4	28	2.1
"E2"	5	28	1.84
"E2"	6	28	2.74
"E2"	7	28	1.94
"E2"	8	28	2.12
"E2"	9	28	1.96
"E2"	10	28	2.74
"E2"	11	28	1.92
"E2"	12	28	2.1
"E2"	13	28	2.39
"E2"	14	28	2.21
"E2"	15	28	1.48
"E2"	16	28	2.06
"E2"	17	28	1.85
"E2"	18	28	1.45
"E2"	19	28	1.85
"E2"	20	28	1.87
"E2"	21	28	1.14
"E2"	22	28	1.38
"E2"	23	28	1.7
"E2"	24	28	1.4
"E2"	25	28	1.4
"E2"	26	28	1.18
"E2"	27	28	1.85
"E2"	28	28	1.9
"E2"	29	28	1.37
"E2"	30	28	2.06
"E2"	31	28	1.95
"E2"	32	28	2.02
"E2"	33	28	1.85
"E2"	34	28	1.78
"E2"	35	28	1.42
"E2"	36	28	1.18
"E2"	1	29	2.54
"E2"	2	29	2.68
"E2"	3	29	2.58
"E2"	4	29	2.09
"E2"	5	29	2.48
"E2"	6	29	2.25
"E2"	7	29	2.63
"E2"	8	29	2.54
"E2"	9	29	2.4
"E2"	10	29	1.62
"E2"	11	29	2.1
"E2"	12	29	1.71
"E2"	13	29	1.97
"E2"	14	29	1.87
"E2"	15	29	1.52
"E2"	16	29	1.74
"E2"	17	29	1.62
"E2"	18	29	1.03
"E2"	19	29	1.41
"E2"	20	29	1.51
"E2"	21	29	1.41
"E2"	22	29	1.14
"E2"	23	29	1.44
"E2"	24	29	1.5
"E2"	25	29	1.24
"E2"	26	29	1.18
"E2"	27	29	1.63
"E2"	28	29	1.95
"E2"	29	29	0.88
"E2"	30	29	1.3
"E2"	31	29	1.84
"E2"	32	29	1.86
"E2"	33	29	1.63
"E2"	34	29	1.71
"E2"	35	29	1.3
"E2"	36	29	0.74
"E2"	1	30	2.77
"E2"	2	30	2.79
"E2"	3	30	2.75
"E2"	4	30	2.07
"E2"	5	30	2.41
"E2"	6	30	2.52
"E2"	7	30	1.8
"E2"	8	30	1.6
"E2"	9	30	1.88
"E2"	10	30	1.9
"E2"	11	30	2.15
"E2"	12	30	2.08
"E2"	13	30	1.7
"E2"	14	30	1.81
"E2"	15	30	2.13
"E2"	16	30	2.15
"E2"	17	30	1.61
"E2"	18	30	1.62
"E2"	19	30	0.75
"E2"	20	30	1.9
"E2"	21	30	1.34
"E2"	22	30	1
"E2"	23	30	1.32
"E2"	24	30	1.34
"E2"	25	30	1.1
"E2"	26	30	1.38
"E2"	27	30	1.12
"E2"	28	30	1.35
"E2"	29	30	0.82
"E2"	30	30	0.9
"E2"	31	30	0.96
"E2"	32	30	1.9
"E2"	33	30	2
"E2"	34	30	1.37
"E2"	35	30	1.45
"E2"	36	30	1.14
"E2"	1	31	2.3
"E2"	2	31	2.63
"E2"	3	31	2.73
"E2"	4	31	2.91
"E2"	5	31	2.21
"E2"	6	31	2.5
"E2"	7	31	2.46
"E2"	8	31	2.82
"E2"	9	31	2.34
"E2"	10	31	1.7
"E2"	11	31	2.4
"E2"	12	31	1.37
"E2"	13	31	2.32
"E2"	14	31	2.09
"E2"	15	31	2.52
"E2"	16	31	2.12
"E2"	17	31	1.61
"E2"	18	31	2.76
"E2"	19	31	1.3
"E2"	20	31	1.3
"E2"	21	31	1.4
"E2"	22	31	1.12
"E2"	23	31	1.34
"E2"	24	31	1.68
"E2"	25	31	1.34
"E2"	26	31	1.54
"E2"	27	31	1.62
"E2"	28	31	1.58
"E2"	29	31	1.24
"E2"	30	31	1.19
"E2"	31	31	1.54
"E2"	32	31	1.59
"E2"	33	31	1.96
"E2"	34	31	1.42
"E2"	35	31	1.86
"E2"	36	31	0.6
"E2"	1	32	2.26
"E2"	2	32	2.84
"E2"	3	32	2.46
"E2"	4	32	2.74
"E2"	5	32	2.1
"E2"	6	32	1.94
"E2"	7	32	1.9
"E2"	8	32	1.82
"E2"	9	32	2
"E2"	10	32	2.19
"E2"	11	32	1.34
"E2"	12	32	1.85
"E2"	13	32	2.12
"E2"	14	32	2.21
"E2"	15	32	1.78
"E2"	16	32	2.25
"E2"	17	32	1.92
"E2"	18	32	2.32
"E2"	19	32	0.92
"E2"	20	32	1.34
"E2"	21	32	0.98
"E2"	22	32	1.21
"E2"	23	32	1.38
"E2"	24	32	1.7
"E2"	25	32	1.35
"E2"	26	32	1
"E2"	27	32	1.42
"E2"	28	32	1.44
"E2"	29	32	1.05
"E2"	30	32	1.51
"E2"	31	32	1.39
"E2"	32	32	1.47
"E2"	33	32	1.32
"E2"	34	32	1.4
"E2"	35	32	1.48
"E2"	36	32	1.26
"E2"	1	33	3.37
"E2"	2	33	2.8
"E2"	3	33	3.04
"E2"	4	33	1.58
"E2"	5	33	2.86
"E2"	6	33	3.06
"E2"	7	33	2.22
"E2"	8	33	2.04
"E2"	9	33	2.74
"E2"	10	33	1.9
"E2"	11	33	1.7
"E2"	12	33	1.54
"E2"	13	33	2.04
"E2"	14	33	2.2
"E2"	15	33	1.32
"E2"	16	33	1.7
"E2"	17	33	1.86
"E2"	18	33	1.66
"E2"	19	33	1.1
"E2"	20	33	1.6
"E2"	21	33	1.6
"E2"	22	33	1.32
"E2"	23	33	1.64
"E2"	24	33	1.36
"E2"	25	33	0.96
"E2"	26	33	1.35
"E2"	27	33	1.59
"E2"	28	33	1.53
"E2"	29	33	1.14
"E2"	30	33	1.06
"E2"	31	33	1.2
"E2"	32	33	1.69
"E2"	33	33	1.6
"E2"	34	33	1.7
"E2"	35	33	1.65
"E2"	36	33	0.76
"E2"	1	34	2.58
"E2"	2	34	3.2
"E2"	3	34	3.43
"E2"	4	34	2.55
"E2"	5	34	2.67
"E2"	6	34	2.43
"E2"	7	34	1.47
"E2"	8	34	2.08
"E2"	9	34	1.94
"E2"	10	34	1.66
"E2"	11	34	1.7
"E2"	12	34	1.76
"E2"	13	34	2.36
"E2"	14	34	2
"E2"	15	34	2.32
"E2"	16	34	2.22
"E2"	17	34	1.7
"E2"	18	34	1.51
"E2"	19	34	1.54
"E2"	20	34	2.01
"E2"	21	34	0.72
"E2"	22	34	0.72
"E2"	23	34	1.08
"E2"	24	34	1.31
"E2"	25	34	1.18
"E2"	26	34	1.15
"E2"	27	34	1.18
"E2"	28	34	1.32
"E2"	29	34	1.08
"E2"	30	34	1.18
"E2"	31	34	1.75
"E2"	32	34	1.93
"E2"	33	34	1.32
"E2"	34	34	1.35
"E2"	35	34	1.64
"E2"	36	34	1.1
"E2"	1	35	2.2
"E2"	2	35	2.89
"E2"	3	35	2.44
"E2"	4	35	1.9
"E2"	5	35	2.82
"E2"	6	35	1.86
"E2"	7	35	1.31
"E2"	8	35	1.68
"E2"	9	35	2.26
"E2"	10	35	2.02
"E2"	11	35	1.61
"E2"	12	35	1.73
"E2"	13	35	2.37
"E2"	14	35	2.27
"E2"	15	35	2.3
"E2"	16	35	2.34
"E2"	17	35	2.22
"E2"	18	35	1.58
"E2"	19	35	0.91
"E2"	20	35	1.46
"E2"	21	35	1.58
"E2"	22	35	1.04
"E2"	23	35	1.67
"E2"	24	35	1.26
"E2"	25	35	1.46
"E2"	26	35	1.26
"E2"	27	35	1.38
"E2"	28	35	1.12
"E2"	29	35	1.19
"E2"	30	35	1.04
"E2"	31	35	0.91
"E2"	32	35	1.26
"E2"	33	35	1.25
"E2"	34	35	1.06
"E2"	35	35	1.57
"E2"	36	35	1.06
"E2"	1	36	2.63
"E2"	2	36	3.06
"E2"	3	36	2.7
"E2"	4	36	2.61
"E2"	5	36	2.25
"E2"	6	36	2.6
"E2"	7	36	1.66
"E2"	8	36	1.2
"E2"	9	36	2.03
"E2"	10	36	1.83
"E2"	11	36	1.85
"E2"	12	36	2.45
"E2"	13	36	1.85
"E2"	14	36	2.08
"E2"	15	36	2.38
"E2"	16	36	2.3
"E2"	17	36	2
"E2"	18	36	1.14
"E2"	19	36	1.27
"E2"	20	36	1.47
"E2"	21	36	1.31
"E2"	22	36	1.08
"E2"	23	36	1.3
"E2"	24	36	1.49
"E2"	25	36	0.88
"E2"	26	36	1.43
"E2"	27	36	1.71
"E2"	28	36	1.67
"E2"	29	36	1.13
"E2"	30	36	1.28
"E2"	31	36	1.49
"E2"	32	36	1.5
"E2"	33	36	1.05
"E2"	34	36	1.13
"E2"	35	36	1.47
"E2"	36	36	1.21
"E3"	1	1	2.1
"E3"	2	1	3.8
"E3"	3	1	5.9
"E3"	4	1	4.6
"E3"	5	1	4.7
"E3"	6	1	5.3
"E3"	7	1	5.2
"E3"	8	1	6.2
"E3"	9	1	4.2
"E3"	10	1	5.3
"E3"	11	1	4.6
"E3"	12	1	5.4
"E3"	13	1	6
"E3"	14	1	5
"E3"	15	1	4.9
"E3"	16	1	4.6
"E3"	17	1	4.6
"E3"	18	1	5
"E3"	19	1	5.1
"E3"	20	1	3.9
"E3"	21	1	6
"E3"	22	1	5.9
"E3"	23	1	5.2
"E3"	24	1	4.6
"E3"	25	1	5
"E3"	26	1	5.2
"E3"	27	1	4.1
"E3"	28	1	4
"E3"	29	1	5.4
"E3"	30	1	5.5
"E3"	31	1	4.5
"E3"	32	1	5.3
"E3"	33	1	5.6
"E3"	34	1	5.6
"E3"	35	1	5
"E3"	36	1	4.9
"E3"	1	2	3.2
"E3"	2	2	6.2
"E3"	3	2	5.2
"E3"	4	2	4.7
"E3"	5	2	4.5
"E3"	6	2	5.9
"E3"	7	2	6.3
"E3"	8	2	5
"E3"	9	2	5.5
"E3"	10	2	5.9
"E3"	11	2	6.5
"E3"	12	2	3.8
"E3"	13	2	5.7
"E3"	14	2	5.9
"E3"	15	2	4.8
"E3"	16	2	6.7
"E3"	17	2	5.3
"E3"	18	2	6.1
"E3"	19	2	4.4
"E3"	20	2	5
"E3"	21	2	5.2
"E3"	22	2	6.4
"E3"	23	2	5.8
"E3"	24	2	4.2
"E3"	25	2	5.6
"E3"	26	2	5.6
"E3"	27	2	5.6
"E3"	28	2	5.3
"E3"	29	2	5
"E3"	30	2	5.4
"E3"	31	2	4.8
"E3"	32	2	6.9
"E3"	33	2	5.6
"E3"	34	2	5.3
"E3"	35	2	5.3
"E3"	36	2	4.4
"E3"	1	3	5.4
"E3"	2	3	5.9
"E3"	3	3	6.7
"E3"	4	3	5.2
"E3"	5	3	5.7
"E3"	6	3	5.5
"E3"	7	3	5.6
"E3"	8	3	5
"E3"	9	3	5.1
"E3"	10	3	4.9
"E3"	11	3	6.3
"E3"	12	3	3.6
"E3"	13	3	5.3
"E3"	14	3	5.1
"E3"	15	3	5.9
"E3"	16	3	4.8
"E3"	17	3	5.4
"E3"	18	3	5.2
"E3"	19	3	5
"E3"	20	3	5
"E3"	21	3	5
"E3"	22	3	5.3
"E3"	23	3	5.7
"E3"	24	3	6
"E3"	25	3	5.3
"E3"	26	3	4.7
"E3"	27	3	5.5
"E3"	28	3	5
"E3"	29	3	5.4
"E3"	30	3	4.7
"E3"	31	3	5.5
"E3"	32	3	5.6
"E3"	33	3	5.3
"E3"	34	3	4.3
"E3"	35	3	5.4
"E3"	36	3	6.1
"E3"	1	4	4.4
"E3"	2	4	6
"E3"	3	4	4.8
"E3"	4	4	4.6
"E3"	5	4	4.5
"E3"	6	4	5
"E3"	7	4	5
"E3"	8	4	5.4
"E3"	9	4	5
"E3"	10	4	5
"E3"	11	4	5.1
"E3"	12	4	4.4
"E3"	13	4	5.7
"E3"	14	4	5.2
"E3"	15	4	5
"E3"	16	4	5.4
"E3"	17	4	4.5
"E3"	18	4	4.5
"E3"	19	4	4.4
"E3"	20	4	5.4
"E3"	21	4	5
"E3"	22	4	6.3
"E3"	23	4	4.9
"E3"	24	4	4
"E3"	25	4	5.4
"E3"	26	4	4.6
"E3"	27	4	5.4
"E3"	28	4	4.4
"E3"	29	4	5.2
"E3"	30	4	6.8
"E3"	31	4	5.6
"E3"	32	4	5
"E3"	33	4	4.8
"E3"	34	4	4.4
"E3"	35	4	6
"E3"	36	4	5
"E3"	1	5	2.6
"E3"	2	5	4.4
"E3"	3	5	5.4
"E3"	4	5	5
"E3"	5	5	5.3
"E3"	6	5	4.4
"E3"	7	5	5
"E3"	8	5	5.3
"E3"	9	5	3.8
"E3"	10	5	5.6
"E3"	11	5	4.7
"E3"	12	5	2.5
"E3"	13	5	4.2
"E3"	14	5	5.3
"E3"	15	5	5.1
"E3"	16	5	5.5
"E3"	17	5	4.9
"E3"	18	5	4
"E3"	19	5	5.1
"E3"	20	5	3.6
"E3"	21	5	4.8
"E3"	22	5	5
"E3"	23	5	4.9
"E3"	24	5	4.8
"E3"	25	5	4.1
"E3"	26	5	4.4
"E3"	27	5	4.9
"E3"	28	5	5
"E3"	29	5	4.2
"E3"	30	5	4.9
"E3"	31	5	4.2
"E3"	32	5	6.2
"E3"	33	5	4.1
"E3"	34	5	4.6
"E3"	35	5	3.1
"E3"	36	5	4.3
"E3"	1	6	4.2
"E3"	2	6	5.7
"E3"	3	6	3.8
"E3"	4	6	3.5
"E3"	5	6	3.2
"E3"	6	6	4.5
"E3"	7	6	5.8
"E3"	8	6	5.4
"E3"	9	6	4.1
"E3"	10	6	4.9
"E3"	11	6	5.6
"E3"	12	6	2.3
"E3"	13	6	4.5
"E3"	14	6	5.1
"E3"	15	6	3.5
"E3"	16	6	5.1
"E3"	17	6	4.8
"E3"	18	6	4.5
"E3"	19	6	5.9
"E3"	20	6	5
"E3"	21	6	5.3
"E3"	22	6	5.8
"E3"	23	6	4.6
"E3"	24	6	4.2
"E3"	25	6	4.8
"E3"	26	6	5.1
"E3"	27	6	4.6
"E3"	28	6	5.2
"E3"	29	6	5.4
"E3"	30	6	5
"E3"	31	6	5.7
"E3"	32	6	5.1
"E3"	33	6	5
"E3"	34	6	5.4
"E3"	35	6	3.6
"E3"	36	6	5.8
"E3"	1	7	4.7
"E3"	2	7	4.6
"E3"	3	7	4.7
"E3"	4	7	4
"E3"	5	7	4.8
"E3"	6	7	3.8
"E3"	7	7	6.4
"E3"	8	7	6.6
"E3"	9	7	5.1
"E3"	10	7	6.6
"E3"	11	7	5.9
"E3"	12	7	2.9
"E3"	13	7	5.5
"E3"	14	7	4.8
"E3"	15	7	3.8
"E3"	16	7	6.8
"E3"	17	7	5.4
"E3"	18	7	6
"E3"	19	7	5.4
"E3"	20	7	3.8
"E3"	21	7	5.2
"E3"	22	7	5
"E3"	23	7	5.9
"E3"	24	7	4.5
"E3"	25	7	5.4
"E3"	26	7	4.7
"E3"	27	7	4
"E3"	28	7	4.3
"E3"	29	7	5.8
"E3"	30	7	4.6
"E3"	31	7	6.1
"E3"	32	7	6
"E3"	33	7	5.7
"E3"	34	7	5.7
"E3"	35	7	4.9
"E3"	36	7	4.5
"E3"	1	8	4.3
"E3"	2	8	5.3
"E3"	3	8	4.2
"E3"	4	8	4.7
"E3"	5	8	5.1
"E3"	6	8	5.4
"E3"	7	8	5.7
"E3"	8	8	5.8
"E3"	9	8	4.3
"E3"	10	8	4.9
"E3"	11	8	3.7
"E3"	12	8	3.2
"E3"	13	8	5
"E3"	14	8	4.7
"E3"	15	8	4.1
"E3"	16	8	6.1
"E3"	17	8	5.2
"E3"	18	8	4
"E3"	19	8	5.3
"E3"	20	8	4.3
"E3"	21	8	5
"E3"	22	8	4.4
"E3"	23	8	4.8
"E3"	24	8	4.9
"E3"	25	8	5.1
"E3"	26	8	5
"E3"	27	8	5.6
"E3"	28	8	5.5
"E3"	29	8	5.3
"E3"	30	8	4.1
"E3"	31	8	4.2
"E3"	32	8	5.2
"E3"	33	8	5.4
"E3"	34	8	4.9
"E3"	35	8	5.7
"E3"	36	8	3.4
"E3"	1	9	3.5
"E3"	2	9	5.1
"E3"	3	9	4.7
"E3"	4	9	3.8
"E3"	5	9	5.4
"E3"	6	9	4.9
"E3"	7	9	5.2
"E3"	8	9	5.2
"E3"	9	9	5.8
"E3"	10	9	4.6
"E3"	11	9	5
"E3"	12	9	4
"E3"	13	9	5.5
"E3"	14	9	5.6
"E3"	15	9	4.6
"E3"	16	9	5.1
"E3"	17	9	5.4
"E3"	18	9	4.3
"E3"	19	9	5.2
"E3"	20	9	4.6
"E3"	21	9	4.5
"E3"	22	9	4.5
"E3"	23	9	4.9
"E3"	24	9	5.6
"E3"	25	9	6.1
"E3"	26	9	4.8
"E3"	27	9	6
"E3"	28	9	4.3
"E3"	29	9	5.5
"E3"	30	9	4.9
"E3"	31	9	5.4
"E3"	32	9	5.2
"E3"	33	9	5.7
"E3"	34	9	4.6
"E3"	35	9	5.8
"E3"	36	9	2.6
"E3"	1	10	4.9
"E3"	2	10	5
"E3"	3	10	5
"E3"	4	10	3.5
"E3"	5	10	5.7
"E3"	6	10	5.2
"E3"	7	10	4.9
"E3"	8	10	5.5
"E3"	9	10	4.9
"E3"	10	10	5.7
"E3"	11	10	5
"E3"	12	10	3.5
"E3"	13	10	5.7
"E3"	14	10	4.7
"E3"	15	10	4.9
"E3"	16	10	5.6
"E3"	17	10	5.5
"E3"	18	10	4.6
"E3"	19	10	4.9
"E3"	20	10	4.8
"E3"	21	10	5.4
"E3"	22	10	5.5
"E3"	23	10	4.5
"E3"	24	10	4.6
"E3"	25	10	5.2
"E3"	26	10	5.2
"E3"	27	10	4.6
"E3"	28	10	5.6
"E3"	29	10	4.6
"E3"	30	10	5.5
"E3"	31	10	6.2
"E3"	32	10	5.8
"E3"	33	10	5.4
"E3"	34	10	4.7
"E3"	35	10	5.5
"E3"	36	10	4.8
"E3"	1	11	4.6
"E3"	2	11	5.4
"E3"	3	11	4.4
"E3"	4	11	4.7
"E3"	5	11	5.5
"E3"	6	11	5.4
"E3"	7	11	5.6
"E3"	8	11	5.8
"E3"	9	11	4.3
"E3"	10	11	6
"E3"	11	11	5.5
"E3"	12	11	4.2
"E3"	13	11	5.2
"E3"	14	11	4.8
"E3"	15	11	4.7
"E3"	16	11	5.5
"E3"	17	11	5
"E3"	18	11	5.5
"E3"	19	11	5.7
"E3"	20	11	4
"E3"	21	11	5.8
"E3"	22	11	5.6
"E3"	23	11	6.1
"E3"	24	11	4.6
"E3"	25	11	5.6
"E3"	26	11	4.8
"E3"	27	11	5
"E3"	28	11	5.3
"E3"	29	11	5.6
"E3"	30	11	5.5
"E3"	31	11	5
"E3"	32	11	4.5
"E3"	33	11	5.8
"E3"	34	11	6.8
"E3"	35	11	5.5
"E3"	36	11	5.1
"E3"	1	12	3.7
"E3"	2	12	4.9
"E3"	3	12	4.1
"E3"	4	12	5.4
"E3"	5	12	4.7
"E3"	6	12	4.3
"E3"	7	12	5.5
"E3"	8	12	5.3
"E3"	9	12	5.2
"E3"	10	12	5
"E3"	11	12	5.9
"E3"	12	12	3.2
"E3"	13	12	5.7
"E3"	14	12	4.8
"E3"	15	12	5
"E3"	16	12	5
"E3"	17	12	4.7
"E3"	18	12	4.3
"E3"	19	12	5.3
"E3"	20	12	4.1
"E3"	21	12	4.9
"E3"	22	12	5.4
"E3"	23	12	5.1
"E3"	24	12	4.6
"E3"	25	12	5.4
"E3"	26	12	5.3
"E3"	27	12	5
"E3"	28	12	4.6
"E3"	29	12	5
"E3"	30	12	5.3
"E3"	31	12	5.6
"E3"	32	12	4.5
"E3"	33	12	4.9
"E3"	34	12	6.8
"E3"	35	12	5.8
"E3"	36	12	4.1
"E3"	1	13	3.8
"E3"	2	13	4.9
"E3"	3	13	5.1
"E3"	4	13	5.3
"E3"	5	13	5.5
"E3"	6	13	5.6
"E3"	7	13	5.8
"E3"	8	13	5.7
"E3"	9	13	5.3
"E3"	10	13	5.7
"E3"	11	13	5.4
"E3"	12	13	3.9
"E3"	13	13	5.5
"E3"	14	13	5
"E3"	15	13	5.1
"E3"	16	13	4.4
"E3"	17	13	5.2
"E3"	18	13	4.7
"E3"	19	13	5.5
"E3"	20	13	4.8
"E3"	21	13	5
"E3"	22	13	5.7
"E3"	23	13	4.5
"E3"	24	13	5.1
"E3"	25	13	4.9
"E3"	26	13	5.7
"E3"	27	13	4.2
"E3"	28	13	6.1
"E3"	29	13	5.1
"E3"	30	13	4
"E3"	31	13	4.9
"E3"	32	13	5.2
"E3"	33	13	7.1
"E3"	34	13	5.1
"E3"	35	13	7.3
"E3"	36	13	5.5
"E3"	1	14	3.7
"E3"	2	14	4.1
"E3"	3	14	4.7
"E3"	4	14	5.1
"E3"	5	14	4
"E3"	6	14	6.3
"E3"	7	14	5.7
"E3"	8	14	6.5
"E3"	9	14	5.2
"E3"	10	14	4.9
"E3"	11	14	4.8
"E3"	12	14	4.8
"E3"	13	14	4.9
"E3"	14	14	4.8
"E3"	15	14	5.2
"E3"	16	14	4.8
"E3"	17	14	4.8
"E3"	18	14	5.5
"E3"	19	14	4.3
"E3"	20	14	4.8
"E3"	21	14	4.5
"E3"	22	14	5.1
"E3"	23	14	5.3
"E3"	24	14	4.5
"E3"	25	14	5.1
"E3"	26	14	5.3
"E3"	27	14	5.4
"E3"	28	14	5.1
"E3"	29	14	6.3
"E3"	30	14	4.8
"E3"	31	14	4.9
"E3"	32	14	5.7
"E3"	33	14	5.1
"E3"	34	14	4.4
"E3"	35	14	5.5
"E3"	36	14	5.8
"E3"	1	15	4
"E3"	2	15	4.8
"E3"	3	15	5.5
"E3"	4	15	4.4
"E3"	5	15	5.4
"E3"	6	15	6.7
"E3"	7	15	5.7
"E3"	8	15	5.5
"E3"	9	15	5.1
"E3"	10	15	5.1
"E3"	11	15	5.3
"E3"	12	15	4.8
"E3"	13	15	5.4
"E3"	14	15	4.7
"E3"	15	15	5
"E3"	16	15	4.4
"E3"	17	15	4.9
"E3"	18	15	5.3
"E3"	19	15	4.8
"E3"	20	15	5.4
"E3"	21	15	5.4
"E3"	22	15	5.3
"E3"	23	15	4.1
"E3"	24	15	6.1
"E3"	25	15	5.8
"E3"	26	15	5.3
"E3"	27	15	5.1
"E3"	28	15	4.9
"E3"	29	15	5.2
"E3"	30	15	5.7
"E3"	31	15	5.3
"E3"	32	15	5.6
"E3"	33	15	5.4
"E3"	34	15	5.1
"E3"	35	15	6.5
"E3"	36	15	5.8
"E3"	1	16	4.3
"E3"	2	16	4.8
"E3"	3	16	4.4
"E3"	4	16	4.8
"E3"	5	16	4.6
"E3"	6	16	5.3
"E3"	7	16	5.7
"E3"	8	16	6.1
"E3"	9	16	4.7
"E3"	10	16	4.9
"E3"	11	16	4.7
"E3"	12	16	5.3
"E3"	13	16	5.3
"E3"	14	16	4.8
"E3"	15	16	5.3
"E3"	16	16	5.6
"E3"	17	16	4.9
"E3"	18	16	5.1
"E3"	19	16	4.9
"E3"	20	16	5.2
"E3"	21	16	5.4
"E3"	22	16	4.5
"E3"	23	16	5.2
"E3"	24	16	5.4
"E3"	25	16	4.6
"E3"	26	16	4.9
"E3"	27	16	5.5
"E3"	28	16	5
"E3"	29	16	5.1
"E3"	30	16	5.1
"E3"	31	16	4.9
"E3"	32	16	5.3
"E3"	33	16	5.7
"E3"	34	16	5.7
"E3"	35	16	5
"E3"	36	16	4.5
"E3"	1	17	4.1
"E3"	2	17	5
"E3"	3	17	4.9
"E3"	4	17	5.1
"E3"	5	17	4.2
"E3"	6	17	5.8
"E3"	7	17	5.3
"E3"	8	17	5.4
"E3"	9	17	5.3
"E3"	10	17	4.7
"E3"	11	17	5.1
"E3"	12	17	4.7
"E3"	13	17	6
"E3"	14	17	3.7
"E3"	15	17	4.9
"E3"	16	17	4.2
"E3"	17	17	4.9
"E3"	18	17	4.9
"E3"	19	17	4.9
"E3"	20	17	4.3
"E3"	21	17	4.5
"E3"	22	17	4.7
"E3"	23	17	5.4
"E3"	24	17	5
"E3"	25	17	5
"E3"	26	17	5.2
"E3"	27	17	4.8
"E3"	28	17	4.8
"E3"	29	17	6
"E3"	30	17	5
"E3"	31	17	5.7
"E3"	32	17	5.2
"E3"	33	17	5.5
"E3"	34	17	5.2
"E3"	35	17	4.8
"E3"	36	17	5.3
"E3"	1	18	4.6
"E3"	2	18	5
"E3"	3	18	4.9
"E3"	4	18	5.2
"E3"	5	18	4.8
"E3"	6	18	5.9
"E3"	7	18	4.9
"E3"	8	18	5.2
"E3"	9	18	5.5
"E3"	10	18	5.2
"E3"	11	18	4.8
"E3"	12	18	4.2
"E3"	13	18	4.8
"E3"	14	18	5.4
"E3"	15	18	4.6
"E3"	16	18	5.3
"E3"	17	18	5
"E3"	18	18	4.9
"E3"	19	18	5.4
"E3"	20	18	4
"E3"	21	18	5.2
"E3"	22	18	4.6
"E3"	23	18	5.1
"E3"	24	18	4.8
"E3"	25	18	5
"E3"	26	18	4.4
"E3"	27	18	4.7
"E3"	28	18	5.5
"E3"	29	18	4.6
"E3"	30	18	4.8
"E3"	31	18	5.2
"E3"	32	18	5
"E3"	33	18	5.8
"E3"	34	18	5.5
"E3"	35	18	4.6
"E3"	36	18	4.5
"E3"	1	19	4.5
"E3"	2	19	5.6
"E3"	3	19	6.1
"E3"	4	19	5.1
"E3"	5	19	6.5
"E3"	6	19	5.5
"E3"	7	19	5.1
"E3"	8	19	6.1
"E3"	9	19	5.5
"E3"	10	19	5.1
"E3"	11	19	5.4
"E3"	12	19	5.3
"E3"	13	19	5
"E3"	14	19	6.5
"E3"	15	19	5.4
"E3"	16	19	4.7
"E3"	17	19	4.7
"E3"	18	19	5.5
"E3"	19	19	4.5
"E3"	20	19	5.1
"E3"	21	19	5.1
"E3"	22	19	6.3
"E3"	23	19	5.1
"E3"	24	19	5.8
"E3"	25	19	5.1
"E3"	26	19	6.6
"E3"	27	19	4.8
"E3"	28	19	4.5
"E3"	29	19	5.2
"E3"	30	19	5.6
"E3"	31	19	5.5
"E3"	32	19	6.1
"E3"	33	19	5.5
"E3"	34	19	5.4
"E3"	35	19	5.4
"E3"	36	19	4.7
"E3"	1	20	4.3
"E3"	2	20	5.7
"E3"	3	20	5.7
"E3"	4	20	4.6
"E3"	5	20	5.8
"E3"	6	20	6.4
"E3"	7	20	6.1
"E3"	8	20	5.9
"E3"	9	20	5.8
"E3"	10	20	5.4
"E3"	11	20	6
"E3"	12	20	4.1
"E3"	13	20	4.8
"E3"	14	20	5.4
"E3"	15	20	5.1
"E3"	16	20	5.6
"E3"	17	20	5.5
"E3"	18	20	5
"E3"	19	20	6.5
"E3"	20	20	4.5
"E3"	21	20	4.9
"E3"	22	20	5
"E3"	23	20	5.7
"E3"	24	20	4.9
"E3"	25	20	5.7
"E3"	26	20	5.2
"E3"	27	20	5.2
"E3"	28	20	5.2
"E3"	29	20	5.3
"E3"	30	20	5.2
"E3"	31	20	5.3
"E3"	32	20	5.5
"E3"	33	20	5.6
"E3"	34	20	5.6
"E3"	35	20	5.3
"E3"	36	20	4.4
"E3"	1	21	3.7
"E3"	2	21	5.2
"E3"	3	21	5.1
"E3"	4	21	5.9
"E3"	5	21	6.1
"E3"	6	21	5
"E3"	7	21	4.8
"E3"	8	21	6.6
"E3"	9	21	4.9
"E3"	10	21	5.9
"E3"	11	21	5.4
"E3"	12	21	5
"E3"	13	21	5.5
"E3"	14	21	5.2
"E3"	15	21	5.8
"E3"	16	21	4.5
"E3"	17	21	5.2
"E3"	18	21	4.7
"E3"	19	21	5.1
"E3"	20	21	4
"E3"	21	21	5.3
"E3"	22	21	4.6
"E3"	23	21	5.5
"E3"	24	21	5.9
"E3"	25	21	5.2
"E3"	26	21	5.4
"E3"	27	21	4.9
"E3"	28	21	4.7
"E3"	29	21	6
"E3"	30	21	5.3
"E3"	31	21	4.7
"E3"	32	21	5.6
"E3"	33	21	5.4
"E3"	34	21	5.6
"E3"	35	21	5.9
"E3"	36	21	4.9
"E3"	1	22	4.4
"E3"	2	22	5.8
"E3"	3	22	5.8
"E3"	4	22	5.4
"E3"	5	22	5.6
"E3"	6	22	5.2
"E3"	7	22	5
"E3"	8	22	6.1
"E3"	9	22	5.1
"E3"	10	22	5.6
"E3"	11	22	5.4
"E3"	12	22	4.6
"E3"	13	22	5.5
"E3"	14	22	5.6
"E3"	15	22	5
"E3"	16	22	5
"E3"	17	22	5.1
"E3"	18	22	6.1
"E3"	19	22	4.5
"E3"	20	22	5
"E3"	21	22	5.1
"E3"	22	22	5
"E3"	23	22	5.6
"E3"	24	22	5.1
"E3"	25	22	4.8
"E3"	26	22	6
"E3"	27	22	5
"E3"	28	22	4.9
"E3"	29	22	5.9
"E3"	30	22	4.5
"E3"	31	22	5.4
"E3"	32	22	5.8
"E3"	33	22	4
"E3"	34	22	4.9
"E3"	35	22	4.9
"E3"	36	22	4.6
"E3"	1	23	3.5
"E3"	2	23	4.8
"E3"	3	23	4.9
"E3"	4	23	5.6
"E3"	5	23	6.1
"E3"	6	23	5
"E3"	7	23	5.5
"E3"	8	23	5.9
"E3"	9	23	5.5
"E3"	10	23	5
"E3"	11	23	6
"E3"	12	23	5.3
"E3"	13	23	5.6
"E3"	14	23	5.3
"E3"	15	23	4.8
"E3"	16	23	5.5
"E3"	17	23	5.7
"E3"	18	23	5.1
"E3"	19	23	5.4
"E3"	20	23	4.4
"E3"	21	23	5.6
"E3"	22	23	5.3
"E3"	23	23	4.7
"E3"	24	23	5.5
"E3"	25	23	5.2
"E3"	26	23	6
"E3"	27	23	5.6
"E3"	28	23	5
"E3"	29	23	5.6
"E3"	30	23	6.1
"E3"	31	23	5.1
"E3"	32	23	5.7
"E3"	33	23	5.3
"E3"	34	23	5.9
"E3"	35	23	5.7
"E3"	36	23	4.3
"E3"	1	24	5.4
"E3"	2	24	5.1
"E3"	3	24	6
"E3"	4	24	5.4
"E3"	5	24	5.7
"E3"	6	24	5.7
"E3"	7	24	6.4
"E3"	8	24	6.1
"E3"	9	24	5.3
"E3"	10	24	5.2
"E3"	11	24	6.8
"E3"	12	24	4.6
"E3"	13	24	5
"E3"	14	24	5.9
"E3"	15	24	5.6
"E3"	16	24	6.5
"E3"	17	24	5.7
"E3"	18	24	5.7
"E3"	19	24	4.8
"E3"	20	24	5
"E3"	21	24	6.4
"E3"	22	24	6
"E3"	23	24	5.1
"E3"	24	24	5.3
"E3"	25	24	6
"E3"	26	24	6.2
"E3"	27	24	6.1
"E3"	28	24	4.7
"E3"	29	24	6.3
"E3"	30	24	5.2
"E3"	31	24	6
"E3"	32	24	5
"E3"	33	24	5.5
"E3"	34	24	4.8
"E3"	35	24	5.3
"E3"	36	24	4.7
"E3"	1	25	4.6
"E3"	2	25	5.7
"E3"	3	25	5.5
"E3"	4	25	6.1
"E3"	5	25	6.2
"E3"	6	25	6.5
"E3"	7	25	6.8
"E3"	8	25	6.1
"E3"	9	25	4
"E3"	10	25	5.5
"E3"	11	25	5.6
"E3"	12	25	4.3
"E3"	13	25	6.5
"E3"	14	25	5.7
"E3"	15	25	5.3
"E3"	16	25	5.5
"E3"	17	25	6.2
"E3"	18	25	4.9
"E3"	19	25	5.7
"E3"	20	25	4.6
"E3"	21	25	5.5
"E3"	22	25	5.7
"E3"	23	25	4.7
"E3"	24	25	6.4
"E3"	25	25	5.4
"E3"	26	25	5.6
"E3"	27	25	5.3
"E3"	28	25	5.1
"E3"	29	25	5.5
"E3"	30	25	5.4
"E3"	31	25	6.2
"E3"	32	25	4.9
"E3"	33	25	5.5
"E3"	34	25	6.1
"E3"	35	25	5.3
"E3"	36	25	4.4
"E3"	1	26	3.7
"E3"	2	26	6.1
"E3"	3	26	6.1
"E3"	4	26	5.2
"E3"	5	26	7.2
"E3"	6	26	5.7
"E3"	7	26	6.1
"E3"	8	26	5.1
"E3"	9	26	5.2
"E3"	10	26	5.2
"E3"	11	26	5
"E3"	12	26	4.9
"E3"	13	26	5.7
"E3"	14	26	6
"E3"	15	26	6.1
"E3"	16	26	5.5
"E3"	17	26	5.6
"E3"	18	26	5.7
"E3"	19	26	5
"E3"	20	26	4.5
"E3"	21	26	6.1
"E3"	22	26	4.1
"E3"	23	26	5.8
"E3"	24	26	6
"E3"	25	26	5.7
"E3"	26	26	5.3
"E3"	27	26	5.5
"E3"	28	26	4.4
"E3"	29	26	6.3
"E3"	30	26	5.7
"E3"	31	26	4.8
"E3"	32	26	5
"E3"	33	26	5.7
"E3"	34	26	4.8
"E3"	35	26	5.3
"E3"	36	26	4.5
"E3"	1	27	2.8
"E3"	2	27	5.5
"E3"	3	27	6.2
"E3"	4	27	6
"E3"	5	27	5.6
"E3"	6	27	6.5
"E3"	7	27	5.7
"E3"	8	27	7
"E3"	9	27	5
"E3"	10	27	4.8
"E3"	11	27	5.8
"E3"	12	27	4.8
"E3"	13	27	5.7
"E3"	14	27	5.9
"E3"	15	27	5
"E3"	16	27	5.7
"E3"	17	27	4.9
"E3"	18	27	4.8
"E3"	19	27	4.8
"E3"	20	27	4.4
"E3"	21	27	5.3
"E3"	22	27	5.3
"E3"	23	27	4.9
"E3"	24	27	5.6
"E3"	25	27	5.5
"E3"	26	27	6.1
"E3"	27	27	5.1
"E3"	28	27	5.3
"E3"	29	27	5.4
"E3"	30	27	5.1
"E3"	31	27	5.5
"E3"	32	27	5.8
"E3"	33	27	5.6
"E3"	34	27	5.5
"E3"	35	27	4.8
"E3"	36	27	4.5
"E3"	1	28	4.3
"E3"	2	28	5
"E3"	3	28	4.9
"E3"	4	28	4.8
"E3"	5	28	5.7
"E3"	6	28	5.5
"E3"	7	28	6.3
"E3"	8	28	5.2
"E3"	9	28	5
"E3"	10	28	4.4
"E3"	11	28	4.7
"E3"	12	28	4.1
"E3"	13	28	5.1
"E3"	14	28	5.2
"E3"	15	28	5
"E3"	16	28	5.5
"E3"	17	28	5
"E3"	18	28	4.9
"E3"	19	28	4.4
"E3"	20	28	3.9
"E3"	21	28	4.9
"E3"	22	28	5.7
"E3"	23	28	5.2
"E3"	24	28	5.5
"E3"	25	28	4.8
"E3"	26	28	5.5
"E3"	27	28	5.3
"E3"	28	28	4.9
"E3"	29	28	4.4
"E3"	30	28	5.5
"E3"	31	28	4.4
"E3"	32	28	5.5
"E3"	33	28	4.3
"E3"	34	28	4.5
"E3"	35	28	4.7
"E3"	36	28	3.1
"E3"	1	29	4.6
"E3"	2	29	5.7
"E3"	3	29	4.7
"E3"	4	29	5.3
"E3"	5	29	5.8
"E3"	6	29	5.7
"E3"	7	29	5.2
"E3"	8	29	6.2
"E3"	9	29	5.2
"E3"	10	29	4
"E3"	11	29	4.5
"E3"	12	29	4.9
"E3"	13	29	4.6
"E3"	14	29	5.4
"E3"	15	29	5.2
"E3"	16	29	5.7
"E3"	17	29	4.9
"E3"	18	29	4.6
"E3"	19	29	5.1
"E3"	20	29	4.5
"E3"	21	29	5.3
"E3"	22	29	5.4
"E3"	23	29	5.5
"E3"	24	29	5.2
"E3"	25	29	5.2
"E3"	26	29	5.3
"E3"	27	29	5.6
"E3"	28	29	4.4
"E3"	29	29	5.1
"E3"	30	29	5.6
"E3"	31	29	5.5
"E3"	32	29	5.8
"E3"	33	29	4
"E3"	34	29	5.9
"E3"	35	29	4.3
"E3"	36	29	4.6
"E3"	1	30	4.4
"E3"	2	30	5.5
"E3"	3	30	5.1
"E3"	4	30	5.8
"E3"	5	30	5.4
"E3"	6	30	6.2
"E3"	7	30	6.2
"E3"	8	30	5.7
"E3"	9	30	5
"E3"	10	30	5
"E3"	11	30	5
"E3"	12	30	4.4
"E3"	13	30	4.9
"E3"	14	30	5.3
"E3"	15	30	5.6
"E3"	16	30	5.6
"E3"	17	30	5.2
"E3"	18	30	4.9
"E3"	19	30	4.7
"E3"	20	30	4.5
"E3"	21	30	5.1
"E3"	22	30	5
"E3"	23	30	5.2
"E3"	24	30	5.7
"E3"	25	30	4.6
"E3"	26	30	4.9
"E3"	27	30	5
"E3"	28	30	5
"E3"	29	30	5.7
"E3"	30	30	6
"E3"	31	30	5.3
"E3"	32	30	5.3
"E3"	33	30	5.4
"E3"	34	30	5.3
"E3"	35	30	4.5
"E3"	36	30	6.1
"E3"	1	31	4.1
"E3"	2	31	5.3
"E3"	3	31	5.2
"E3"	4	31	4.9
"E3"	5	31	6.7
"E3"	6	31	5.8
"E3"	7	31	5.5
"E3"	8	31	5.3
"E3"	9	31	5.4
"E3"	10	31	5.6
"E3"	11	31	5.2
"E3"	12	31	4.8
"E3"	13	31	5.9
"E3"	14	31	5.3
"E3"	15	31	5.1
"E3"	16	31	5.8
"E3"	17	31	4.8
"E3"	18	31	4.9
"E3"	19	31	4.7
"E3"	20	31	4.1
"E3"	21	31	4.9
"E3"	22	31	5.1
"E3"	23	31	4.8
"E3"	24	31	5.6
"E3"	25	31	4.9
"E3"	26	31	4.3
"E3"	27	31	4.9
"E3"	28	31	5.9
"E3"	29	31	4.8
"E3"	30	31	5.6
"E3"	31	31	4.6
"E3"	32	31	7.4
"E3"	33	31	5.9
"E3"	34	31	5.3
"E3"	35	31	5.8
"E3"	36	31	5.2
"E3"	1	32	4.5
"E3"	2	32	5.6
"E3"	3	32	5.4
"E3"	4	32	4.8
"E3"	5	32	5
"E3"	6	32	6.5
"E3"	7	32	5.7
"E3"	8	32	6.2
"E3"	9	32	4.4
"E3"	10	32	4.9
"E3"	11	32	5.1
"E3"	12	32	4.6
"E3"	13	32	5
"E3"	14	32	5
"E3"	15	32	5.5
"E3"	16	32	5.9
"E3"	17	32	5
"E3"	18	32	6.3
"E3"	19	32	3.9
"E3"	20	32	4.5
"E3"	21	32	5.1
"E3"	22	32	4.8
"E3"	23	32	4.7
"E3"	24	32	5.4
"E3"	25	32	4.3
"E3"	26	32	5.3
"E3"	27	32	4.8
"E3"	28	32	5.3
"E3"	29	32	5.9
"E3"	30	32	5.2
"E3"	31	32	5
"E3"	32	32	5.6
"E3"	33	32	3.7
"E3"	34	32	5.3
"E3"	35	32	5.9
"E3"	36	32	4.1
"E3"	1	33	3.4
"E3"	2	33	6.3
"E3"	3	33	5.2
"E3"	4	33	4.7
"E3"	5	33	6
"E3"	6	33	5.7
"E3"	7	33	5.9
"E3"	8	33	5.1
"E3"	9	33	4.9
"E3"	10	33	5.5
"E3"	11	33	5.1
"E3"	12	33	4.1
"E3"	13	33	5.8
"E3"	14	33	4.9
"E3"	15	33	5.9
"E3"	16	33	5.5
"E3"	17	33	5.7
"E3"	18	33	5.1
"E3"	19	33	5.2
"E3"	20	33	3.7
"E3"	21	33	5.4
"E3"	22	33	4.8
"E3"	23	33	4.9
"E3"	24	33	4.9
"E3"	25	33	5.5
"E3"	26	33	4.5
"E3"	27	33	5.4
"E3"	28	33	4.2
"E3"	29	33	5.7
"E3"	30	33	5.3
"E3"	31	33	4.9
"E3"	32	33	3.9
"E3"	33	33	5.5
"E3"	34	33	5.7
"E3"	35	33	5.3
"E3"	36	33	3
"E3"	1	34	5.6
"E3"	2	34	4.7
"E3"	3	34	6.6
"E3"	4	34	4.5
"E3"	5	34	6.1
"E3"	6	34	5.7
"E3"	7	34	6
"E3"	8	34	4.6
"E3"	9	34	5
"E3"	10	34	4.7
"E3"	11	34	5
"E3"	12	34	4.6
"E3"	13	34	5.3
"E3"	14	34	4.5
"E3"	15	34	5.5
"E3"	16	34	5.5
"E3"	17	34	4.7
"E3"	18	34	5.1
"E3"	19	34	4.7
"E3"	20	34	4.1
"E3"	21	34	5.5
"E3"	22	34	4.8
"E3"	23	34	5.5
"E3"	24	34	5.2
"E3"	25	34	4.6
"E3"	26	34	4.7
"E3"	27	34	5.1
"E3"	28	34	5
"E3"	29	34	5.3
"E3"	30	34	4.9
"E3"	31	34	4.8
"E3"	32	34	4.6
"E3"	33	34	4.4
"E3"	34	34	5
"E3"	35	34	5.2
"E3"	36	34	3.6
"E3"	1	35	5.4
"E3"	2	35	5
"E3"	3	35	5.4
"E3"	4	35	4.1
"E3"	5	35	5.7
"E3"	6	35	5.7
"E3"	7	35	5.5
"E3"	8	35	4.6
"E3"	9	35	4.7
"E3"	10	35	4.6
"E3"	11	35	4.4
"E3"	12	35	4
"E3"	13	35	4.8
"E3"	14	35	5.5
"E3"	15	35	4.3
"E3"	16	35	5.2
"E3"	17	35	5.4
"E3"	18	35	5
"E3"	19	35	4.6
"E3"	20	35	4.1
"E3"	21	35	4.8
"E3"	22	35	4.2
"E3"	23	35	5.7
"E3"	24	35	4.5
"E3"	25	35	4.5
"E3"	26	35	4.5
"E3"	27	35	4.3
"E3"	28	35	3.8
"E3"	29	35	4.4
"E3"	30	35	4.3
"E3"	31	35	4.3
"E3"	32	35	4.9
"E3"	33	35	4.6
"E3"	34	35	4.7
"E3"	35	35	3.9
"E3"	36	35	4.5
"E3"	1	36	5.2
"E3"	2	36	6
"E3"	3	36	4.9
"E3"	4	36	5.3
"E3"	5	36	5.1
"E3"	6	36	5.3
"E3"	7	36	5.8
"E3"	8	36	5.8
"E3"	9	36	4.9
"E3"	10	36	5.3
"E3"	11	36	4.7
"E3"	12	36	4.4
"E3"	13	36	5.3
"E3"	14	36	5
"E3"	15	36	3.5
"E3"	16	36	4.4
"E3"	17	36	4.5
"E3"	18	36	4.8
"E3"	19	36	4.2
"E3"	20	36	4.5
"E3"	21	36	4.7
"E3"	22	36	4.8
"E3"	23	36	5.1
"E3"	24	36	5.1
"E3"	25	36	4
"E3"	26	36	4.6
"E3"	27	36	4.5
"E3"	28	36	3.7
"E3"	29	36	4.7
"E3"	30	36	5.9
"E3"	31	36	4.1
"E3"	32	36	4.5
"E3"	33	36	4
"E3"	34	36	4.9
"E3"	35	36	4.3
"E3"	36	36	3.3
